Mixture	cl6	cl4	cl5	cl0	cl1	cl2	cl3	cl9	cl10	cl7	cl11	cl8	cl15	cl14	cl12	cl13	cl16	P-value	Correlation	RMSE
T0_1	0.00803791903427111	0.224125413281958	0.114019941742104	0.245017923114872	0.188015550339631	0	0	0.0449666534475771	0	0.0198814833927995	0	0.0312217102961179	0.106579851330624	0.00208762351110683	0.00906633213577805	0.00697959837316021	0	0	0.637281184146876	0.838750126109583
T0_2	0.00990570208642277	0.194474610615534	0.153504300443989	0.230943700520796	0.187833137072682	0	0	0.05226345665482	0	0.0429228414151454	0	0.0203344950480857	0.0965787024151657	0.00295880438217655	0.00245128873465923	0.0058289606105228	0	0	0.659658402904651	0.838779177346973
T0_3	0.01544488363313	0.335963238596458	0.0516673998771674	0.181273972422301	0.231041876993507	0	0	0.0452652442176783	0	0.00980991076517185	0	0.0243324209114271	0.0836788024096595	0.00229822461768477	0.00650528895263813	0.0127187366031765	0	0	0.536457241455357	0.890564740144974
T0_4	0.0185535383809649	0.295422683530365	0.0679338070663346	0.189703980905662	0.221662366383923	0	0	0.0596780852868893	0	0.0158206766146173	0	0.0297236299396952	0.0825811089560738	0.00262514137436482	0.00521181336237035	0.0110831681987401	0	0	0.622532025357784	0.861931474957913
Mock_T0.25_1	0.00981350154810214	0.310715338095792	0.0792165509594695	0.160830525229757	0.176665407666478	0	0	0.021668293380705	0	0	0.0371616727996182	0.0801054400066461	0.1081116893677	0	0.00543854697500566	0.0102730339707255	0	0	0.535075585354454	0.880166888823405
Mock_T0.25_2	0.0118069299186509	0.257217938708578	0.151947723298492	0.165502276087537	0.20224002360981	0	0	0.0311386688202542	0	0.0141577366947399	0.0249787471730017	0.063713785332177	0.0606141674174463	0.00156855110539953	0.00943150868134918	0.00568194315256489	0	0	0.535144587149815	0.905751049558039
Mock_T0.25_3	0.0142429204560605	0.300797722005858	0.11154386876456	0.153893837683631	0.203155032837447	0	0	0.0461455323619826	0	0.00397637768770381	0.0254505767083657	0.0494192657087532	0.074552424980146	0.00154551682070654	0.00349054485915163	0.0117863791256348	0	0	0.612767687563713	0.876550994805025
Mock_T0.25_4	0.0126333574729671	0.259110190978099	0.138067420556404	0.146763586460364	0.21936682793327	0	0	0.056280478189667	0	0.0157252160740581	0.0256837476164181	0.0512135551164645	0.0501877133249423	0.00218352056060764	0.00656475278344315	0.0162196329332948	0	0	0.556402279138703	0.901888952045869
Mock_T0.5_1	0.011228932394168	0.295548792224749	0.136735713318726	0.139600059109805	0.138809376241726	0	0	0.0379829450852406	0	0.0188840530072083	0.0232980702302741	0.106935663713355	0.0666900326347866	0.00192931531409048	0.0108538759348824	0.011503170790989	0	0	0.450064031363758	0.921629910546482
Mock_T0.5_2	0.0105917541919293	0.274814128426011	0.169618844282745	0.0934821156704576	0.148079401032887	0.00627686321218757	0	0.0630684624447085	0	0.0300844208112569	0.0225751796421918	0.0954191718016205	0.0748672506163904	0.00312701116827977	0.00286243869334302	0.00513295800599155	0	0	0.540065246254014	0.892029575040016
Mock_T0.5_3	0.0115939598842169	0.331715687848526	0.140328793636503	0.0698385500409748	0.164918843873533	0	0	0.0353071331696407	0	0	0.0221941199161819	0.128842295323445	0.0769525628801	0.00160516854744637	0.00426678144552572	0.0124361034339069	0	0	0.401205737541879	0.932410034046224
Mock_T0.5_4	0.0125101155227116	0.317473559234405	0.115147242379288	0.109473825700678	0.127874931888399	0	0	0.0395277091314409	0	0.00263729800422743	0.0158541686110285	0.0930377254078373	0.147833950789797	0.0017499518067891	0.00355161174540229	0.0133279097779956	0	0	0.55860611763556	0.850028391423213
Mock_T1_1	0.00333806501076349	0.145808778787356	0.215283090183756	0.130167827129881	0.160227734118399	0	0	0.0493953339809074	0	0.0444716072432597	0.0073814254436709	0.101083054409018	0.118575810704151	0.00418446647343648	0.00662089297283112	0.0134619135425709	0	0	0.466655222461822	0.895735350875901
Mock_T1_2	0.0116785349443767	0.302835080342248	0.148784768354206	0.132522601882534	0.121981907707515	0	0	0.0269459030532596	0	0.0160899642089299	0.01180698509091	0.0811380186410569	0.117677154335806	0.00441083035501695	0.00762079486713964	0.0165074562170013	0	0	0.489029681271148	0.890430302546873
Mock_T1_3	0.00990108883811349	0.227068795175075	0.142718705403172	0.132527488005861	0.185070296792422	0.0193677569399508	0	0.0602488961766973	0	0.0149857447387602	0.0204243964210211	0.0929394841103585	0.0713670024598972	0.00263976685859577	0.006353057153512	0.0143875209265637	0	0	0.505618207148173	0.90251976039728
Mock_T1_4	0.0190152555770839	0.201370496706764	0.132053905204737	0.119745474390401	0.178720262325874	0.0239000954235581	0	0.0643468609674615	0	0.0241557129953798	0.0200726313589063	0.0756569894386801	0.105648455419345	0.00283341480747002	0.00597375547876476	0.0265066899055738	0	0	0.519564318210823	0.881428651859497
Mock_T1.5_1	0.0203732061189546	0.210018281830109	0.127155634670787	0.115529661012794	0.131174769832818	0.00308017422305309	0	0.0689245686924576	0	0.0593722404159288	0.0101967850622838	0.124941583963903	0.0954808780121825	0.00730215483061282	0.0086479544595497	0.0156664008498808	0.00213570602468621	0	0.515720425085943	0.884940214893503
Mock_T1.5_2	0.015435497889835	0.203183401819932	0.14176478664573	0.117620178483133	0.15666209090553	0	0	0.0768472642441151	0	0.0588819304265984	0.0112883627986267	0.0626057961077227	0.128781835543955	0.00321807087335333	0.00849322606433042	0.0138382503483826	0.00137930784875681	0	0.575888149595622	0.845809072867926
Mock_T1.5_3	0.0159289337669333	0.267475721560142	0.0894185962550744	0.157810047733422	0.220888583481684	0.00081712666910718	0	0.0621606260586658	0	0.0343500001085226	0.00902360161743663	0.031666348682657	0.0866386362888875	0.00394188178128945	0.00648193019576763	0.00754605027639566	0.00585191552401462	0	0.69325240997345	0.836675608523367
Mock_T1.5_4	0.0233995135526825	0.233834502727179	0.0919431999236663	0.14493392615483	0.206814784203088	0.0196685747286564	0	0.109352848906447	0	0.0538963671657924	0.00257477661162264	0.0249939547107954	0.0803492836350104	0.00257234178482434	0.00376657245969221	0.000251460321495905	0.00164789311421722	0	0.751324887005311	0.798461525542449
Mock_T2_1	0.0244970978140993	0.232280892586238	0.200341361193209	0.0526264668641653	0.0516984088441107	0.0369636292253747	0	0.13335365156749	0	0.0720336080649233	0	0.111613610364982	0.0739385924047377	0.00345748222214781	0.00719519884852283	0	0	0	0.408202996811709	0.916582478169534
Mock_T2_2	0.0105312631881788	0.236834697035632	0.099529290781709	0.0982706871674018	0.204720505496308	0.0126077968059623	0	0.0935445602206099	0	0.0551028361287509	0.0137468161272577	0.0572279217902126	0.0917390386113215	0.0039633941707287	0.00602364972343142	0.00611597165654977	0.0100415710959452	0	0.711956490887687	0.814138493687777
Mock_T2_3	0.0241436512710516	0.230670811977842	0.102949808133418	0.150993212588971	0.182364508028744	0	0.000272535592652646	0.0691189403496094	0	0.0549500551764873	0.019379297349013	0.0256428621726828	0.111777007841541	0.00442775303300319	0.00987021068665566	0.0134393457983271	0	0	0.73231668935524	0.794717988303203
Mock_T2_4	0.0123433684423807	0.275059719282395	0.149149160440826	0.100227208420237	0.142982475505258	0	0	0.0764670436835102	0	0.074148406272197	0.00921798039190546	0.0375710824113413	0.103413831027914	0.00705740363499286	0.00593379020277441	0.00642853028426668	0	0	0.603483231300594	0.850455109185154
Mock_T3_1	0.0143980609243631	0.187243936212135	0.143182462941559	0.128978779679214	0	0	0.143442292175421	0.0954274726358424	0	0.126366811880192	0	0.0294019304721613	0.117730918937145	0.00330037127923647	0.00446195302092899	0.00606500984180025	0	0	0.466981965981774	0.891446242010665
Mock_T3_2	0.0114974184409229	0.169998300190732	0.12430565724665	0.175640342211941	0.01307471610841	0	0.22130600264925	0.0437972782905721	0	0.0848897268027682	0.00602699867947095	0.0245809797579663	0.109631958863136	0.00143350356100272	0.00547233778114316	0.00834477941603383	0	0	0.601845098405066	0.852762981610163
Mock_T3_3	0.0170373951849013	0.118020840856374	0.150306478360946	0.177738237578033	0.0878351121684278	0	0.190394467160043	0.0851988070897893	0.014855330079463	0.0874985937064526	0	0	0.0663427127703294	0.00262908372959633	0.00214294131564419	0	0	0	0.649190495593547	0.854118949205144
Mock_T3_4	0.00880655671646798	0.196149891059703	0.129015776871738	0.160101080350086	0.0382874364277318	0	0.186158231300894	0.0486124890188984	0	0.085235303432463	0.000305648245055929	0.0112375155636577	0.122134770789928	0.0044863143282928	0.00335617661346674	0.00611280928161628	0	0	0.636617691371308	0.831203778266833
Mock_T4_1	0.0112255186496621	0.235453205542199	0.130704521944134	0.103371094219462	0	0	0.234641435181484	0.0741037738402986	0	0.101728530922277	0	0.0102849876814689	0.0853136430525284	0.00508981090889142	0.0027632169459984	0.00532026111159631	0	0	0.519051569551876	0.889891788552876
Mock_T4_2	0.0151978277249546	0.15237094858454	0.105365362725356	0.135122223552068	0	0	0.317434080382961	0.0611777258806911	0.00370988780746156	0.0670629374638514	0.011865327525492	0.0448446636740451	0.0814118406029123	0.0028589126696827	0.00157826140598394	0	0	0	0.457579931437704	0.912029314475912
Mock_T4_3	0.0163381228676692	0.123429684719485	0.131829867744814	0.133866857781834	0	0	0.297713924936717	0.0406195505558235	0	0.0621612335276453	0.0255913989394835	0.0313319581716789	0.117906643819901	0.00331462337583773	0.00287444100682481	0.0126578592013406	0.000363833350946145	0	0.641041520605242	0.83496463486791
Mock_T4_4	0.00320585720225662	0.21825336469465	0.102670828279511	0.14678051231034	0	0	0.319962082665989	0.0601007322493054	0	0.0793133066342764	0.00119881698051604	0	0.0646468676702822	0.00237997614000623	0.00072470218000392	0.000762952992863126	0	0	0.601191027465232	0.883476664746784
Mock_T5_1	0.00286276288634954	0.144405664789733	0.0611263440626704	0.126874890277881	0	0	0.438581075792165	0.0504457181729508	0	0.0927986965461307	0.00373270880848322	0.00754988636386284	0.0689826121285413	0.0019200382302337	0.000719601940998004	0	0	0	0.580132817441009	0.889751463949795
Mock_T5_2	0.00479261652325507	0.186259057101771	0.0678577128265056	0.107647368306021	0	0	0.408044879345224	0.0495301414113584	0	0.0706756153878439	0.00765862337860749	0.00518422825063003	0.0894475973403121	0.00203761029172002	0.000864549836750956	0	0	0	0.630205926219546	0.862451878727823
Mock_T5_3	0.00967597054165088	0.149201721663402	0.0684944178596409	0.178468320655204	0	0	0.361602532338295	0.0777827380954774	0	0.0851775243753863	0.00622515417125048	0	0.0603875604883992	0.00298405981129273	0	0	0	0	0.684521156516564	0.854187010472334
Mock_T5_4	0.00555378127047963	0.171881081330841	0.0595657395247042	0.119349498690979	0	0	0.454853639231959	0.051001220069436	0	0.0640750134501634	0	0.00597263331288792	0.0651728569676898	0.0023025078628271	0.000272028288033138	0	0	0	0.613176260398568	0.88495711809755
Mock_T6_1	0.00983992797565538	0.255049911998025	0.0777522338863427	0.0842521581167694	0	0	0.41095495374007	0.0424481597981507	0.0113163974859093	0.0406725207915993	0	0.00252470027972171	0.0633544398736088	0.00147326637291776	0.000225985350688059	0.000135344330542476	0	0	0.506633263579132	0.914552206493888
Mock_T6_2	0.00247772487657336	0.312267537299545	0.0435168340787687	0.0830080750482537	0	0	0.355441071157169	0.0369394390283416	0	0.053867307636873	0	0.00571697358586874	0.0975672231692578	0.00590570754224467	0.00075586891550117	0.00253623766160281	0	0	0.660555514790886	0.850707574958928
Mock_T6_3	0.00747946300987618	0.277868171133018	0.0918018429376025	0.121269311831642	0	0	0.348996585829679	0.0459674768329785	0	0.0543423027228319	0	0	0.0479116718655931	0.00151337108210068	0.000585237390584605	0.00162252625291166	0.000642039111180977	0	0.714960170196192	0.877828592358902
Mock_T6_4	0.0105145947049252	0.297311002089541	0.0638371870096627	0.0824920793264776	0	0	0.345025947051324	0.0467474331300084	0.017509322743754	0.0601752053824601	0.000599501733138854	0	0.062636655158511	0.00513510496194355	0.00086868203157406	0.00683911236880951	0.000308172307869853	0	0.7101244028237	0.867000524715402
Mock_T7_1	0.00368246759349872	0.381493795463225	0.0729567139597412	0.0664211967667439	0	0	0.292733974694142	0.0402088559151193	0	0.049081644266957	0	0.00566508357798041	0.0859803300910973	0.00136496832225226	0.000410969349243134	0	0	0	0.644969113614376	0.865344723935373
Mock_T7_2	0.0118156292099349	0.330400067963957	0.16131440468856	0.0473879560256797	0	0	0.27834311478207	0.0421839644496535	0.00201829539268974	0.066082536394456	0	0.00143241555819891	0.0556389761170258	0.0028581988610484	0.000524440556725737	0	0	0	0.493505134983695	0.920721883661297
Mock_T7_3	0.00841597993393726	0.35076565127888	0.0742797094544233	0.0678936665685141	0	0	0.303854458459328	0.0595656216603083	0.00119719511689032	0.0517686759109952	0	0.00347662946652459	0.0767922219866353	0.0018079430253397	0.00018224713822418	0	0	0	0.606932573548585	0.877082315804827
Mock_T7_4	0.0106482363142304	0.363064916254977	0.15425891438775	0.0505326401047362	0	0	0.263328249061714	0.0699577346892727	0.00289320736469109	0.0457026517095597	0	0	0.0375055903966843	0.00190589814306961	0.000201961573313824	0	0	0	0.503956846319389	0.918003676219434
Mock_T8_1	0.00880413813016155	0.307442020510353	0.080489279737266	0.106698530568559	0	0	0.262841454523968	0.0462598794793674	0	0.0336773355647413	0.00474996602349272	0.0378145186157281	0.098889185905472	0.00304138377664631	0	0.00929230716424536	0	0	0.617265250978946	0.86010207730437
Mock_T8_2	0.0131453460030952	0.269462142012234	0.117096884621421	0.0703171516630926	0	0	0.317132599900677	0.0614858923156979	0	0.0214351843365878	0	0.0493746922423896	0.072329122990531	0.000892942076354922	0	0.00321730413936073	0.00411073769855768	0	0.504226261483868	0.905747006574861
Mock_T8_3	0.0104569473872699	0.37836032170781	0.0942546923746907	0.0918317197369026	0	0	0.274736239830361	0.0321974916054775	0.00333485454620904	0.0179796522123765	0.00203847903305177	0.0264171484743619	0.0599401415825654	0.000816005703862223	6.62714871179779e-05	0.00757003431794368	0	0	0.564285741049285	0.906739871272388
Mock_T8_4	0.00965930140166212	0.298989128027732	0.0871802598779002	0.116225553956912	0	0	0.300867948196905	0.0485915193019075	0	0.0308721303299757	0.00307684211106449	0.0376273062551839	0.0554456342307398	0.00393935855076193	0.00152419430908247	0.00531113680396218	0.00068968664621105	0	0.576566805214795	0.900877070742034
Mock_T10_1	0.00883705479655887	0.42097715498059	0.0714764745202807	0.103178713970583	0	0	0.218555542350231	0.036694890547565	0	0.0159393155325655	0	0.01463880913071	0.105464795471388	0.000591996423680803	0.00104632854729039	0.00259892372855653	0	0	0.653994324234998	0.845014890816843
Mock_T10_2	0.0166900054162772	0.402083463391948	0.0859108592512799	0.0873701830264093	0	0	0.205943136450839	0.0564211607775443	0	0.0293635404601505	0	0.0237767030828267	0.0837628371498404	0.00283553954028772	0.00231115908068201	0.00353141237191554	0	0	0.667798178811006	0.854217270854422
Mock_T10_3	0.0200349653931241	0.431350952894968	0.0541589048167509	0.081438668668818	0	0	0.209238890798586	0.0432133450139868	0	0.0152094144746058	0.00655975583558046	0.0165740841698955	0.111596799900398	0.00356966247734621	0.00270599655597941	0.00434855899996094	0	0	0.693696569612186	0.823961380875485
Mock_T10_4	0.0137522087496963	0.450817577126354	0.0495302497187263	0.100868466788514	0	0	0.197018193371776	0.0431934981144173	0	0.0163777208286298	0.00331271795839141	0.0112969172201971	0.102755050919605	0.00623142435558828	0.00210799351328439	0.00273798133482004	0	0	0.676776399868182	0.838204672288207
Mock_T12_1	0.0311562971939364	0.465293381881999	0.0919974483093302	0.0386511496775468	0	0	0.135912196997841	0.117639353965846	0.0166078306540311	0.0111163632163235	0	0.0230463596674416	0.0645133520613211	0.0040662663743828	0	0	0	0	0.464894412324737	0.904014266651599
Mock_T12_2	0.0185160111658312	0.570231302581784	0.0845282791262702	0.109362005839862	0	0	0.0936787174422076	0.0709422772690939	0.00119611339110385	0.0208850985973005	0.000106898350410581	0	0.0292315426817419	0.00065058347018979	0	4.43843252406006e-06	0.00066673165168081	0	0.724329227682497	0.871791775405911
Mock_T12_3	0.0146392578600892	0.562670543799912	0.0835653272078802	0.0988793996696283	0	0	0.0893438423945071	0.0697121350384051	0	0.0132325818806705	0	0.0117445830802874	0.0552664085875896	0.000945920481030611	0	0	0	0	0.561058171828885	0.896941264842679
Mock_T12_4	0.0331353440747428	0.303832706236241	0.162747388125803	0	0	0	0.17333011337025	0.149796244576842	0.0527655575949047	0.0372445272666454	0.000392111456673639	0.0655538499604625	0.0212021573374355	0	0	0	0	0	0.29675093312665	0.955003678348575
Mock_T16_1	0.0247737343256441	0.522238847788383	0.123279562897382	0.12960419773276	0.0113332589455862	0	0	0.0549640053815943	0	0.0226428703040521	0.0171369313649029	0.0216622415232522	0.0699666614098772	0.000921769349397231	0.00147591897716843	0	0	0	0.559065740944861	0.891673691191934
Mock_T16_2	0.0379760232838634	0.348222759238802	0.106856592016237	0.107900605803735	0.0696312074683677	0	0	0.0872945508377795	0.00828890307972416	0.0260152325829614	0.0163884582741862	0.0211575070024204	0.151200044681248	0.00703399629657238	0.00237643131487265	0.00965768811923011	0	0	0.624899790817357	0.810741202265697
Mock_T16_3	0.0280918277776455	0.540290608392081	0.115857600564087	0.127908072068744	0.0172693313913163	0	0	0.0423721406949029	0	0.0185488177362396	0.0128739881912684	0.00153785108438096	0.0802882118370009	0.00206315322618795	0.00284110482731464	0.0100572922088308	0	0	0.614706584996698	0.873133455614678
Mock_T16_4	0.017860295736622	0.502908292684414	0.112171916648331	0.1605720204107	0.0501143306961348	0	0	0.0390879864131148	0	0.0159696386028374	0	0.0139827044983763	0.0862122277471599	0	0.00112058656231001	0	0	0	0.603701242016543	0.872318351516486
MeMeJA_T0.25_1	0.0174728599696408	0.296279803467399	0.11721162619893	0.155878398422074	0.217953521734346	0	0	0.0358444241964045	0	0	0.0145547669422936	0.0693267231103589	0.0583858335332495	0.000512755760935256	0.00989640681736511	0.00668287984700271	0	0	0.541131155756695	0.905303178481195
MeMeJA_T0.25_2	0.0119845387228375	0.278468060020097	0.153958413783563	0.16235903762212	0.18419155500861	0	0	0.0321931350328416	0	0.019036360200226	0.0086327188785133	0.0465933862086453	0.0895741558218399	0.000901907991013091	0.0051739742296945	0.00693275647999911	0	0	0.600068405431413	0.870639287703139
MeJA_T0.25_3	0.0159125101655907	0.275479017046482	0.13559799585921	0.167218423260309	0.255085796778743	0	0	0.0541784607363431	0	0.00561586537278622	0.0111898197504614	0.019702565850001	0.0489134563837498	0.000616010767446051	0.00575436788928103	0.00473571013959699	0	0	0.696587216925118	0.870813829788351
MeJA_T0.25_4	0.0134428032580846	0.266457108239173	0.146727788577833	0.177613398456791	0.190585995461614	0	0	0.0311933860051182	0	0.0138191132829328	0.0287547213084236	0.0532986795219598	0.0610997486005074	0.00104722912402677	0.00740652096885085	0.00855350719468562	0	0	0.532274614257004	0.906112655766996
MeJA_T0.5_1	0.00919084122877814	0.290553704539476	0.148206724140669	0.181792820114244	0.134790289511413	0.00741760634960161	0	0.0319660036730301	0	0.0132298121683049	0.0169373380743312	0.0671694401221017	0.0847705534367316	0	0.00887733220664307	0.00509753443467473	0	0	0.423527471062258	0.921898944056922
MeJA_T0.5_2	0.0132978800509448	0.333156055939543	0.124410299509095	0.132735806231096	0.130574760803548	0.00163590424753648	0	0.0436391703297343	0	0.00954823044201803	0.0108499692176434	0.0764624230497698	0.103660315323989	0.0017758808765788	0.00983049542246622	0.00842280855603783	0	0	0.481519992476373	0.897317575343615
MeJA_T0.5_3	0.0116671004768746	0.267359537021683	0.165164866934226	0.138722152845501	0.153204650262795	0.00310996848834057	0	0.0519844175408697	0	0.0159831644101469	0.0142107778831146	0.0758522742290583	0.0770745801598377	0.00181592607463003	0.013136284738512	0.0107142989344113	0	0	0.433558839678214	0.919883203840367
MeJA_T0.5_4	0.0129764305509477	0.315232384046715	0.152343056894267	0.166211447718574	0.0967172118353394	0	0	0.0275079476344904	0	0.0151087838218895	0.0276169047390488	0.0670376476502516	0.0926098154254645	0.00148345237922997	0.0114279377621675	0.013726979541615	0	0	0.453350816245665	0.910873384554341
MeJA_T1_1	0.00522159032423244	0.150770758876406	0.281238180226729	0.126378618157596	0.0746440827289488	0.0243750514307542	0	0.0456807889265482	0	0.0459003190453419	0.012610908537037	0.0923228070149431	0.104528070359217	0.00690183627260528	0.00736954676239317	0.0220574413372479	0	0	0.334909139629851	0.942924997191514
MeJA_T1_2	0.0148041907561894	0.232442372806716	0.248662836767119	0.124061939334855	0.0624663532539235	0.0215903274609065	0	0.0466274642595127	0	0.0334748398815708	0.0115731260554233	0.0556984020489995	0.124565008750842	0.00213876279170043	0.00645160924342871	0.0154427665888129	0	0	0.374287610173051	0.928196611189885
MeJA_T1_3	0.0140634386642193	0.198468156966143	0.25754040401758	0.148471313574719	0.106426002516869	0.0191223237870449	0	0.0588205931559832	0	0.068027898936373	0.00685806939996342	0.0327428328194737	0.0676674628946972	0.00304524572626788	0.00454141580146962	0.0142048417391978	0	0	0.359278781150199	0.940646643507291
MeJA_T1_4	0.0110364247470827	0.284621197591772	0.195208153458178	0.143580990034066	0.1053880492283	0.009215888602531	0	0.0467838494499427	0	0.0382093578878964	0.00862432988388539	0.0176180485585471	0.118392171804612	0.00166426367224174	0.00620349313747476	0.0134537819434706	0	0	0.401525800945655	0.919588991184885
MeJA_T1.5_1	0.0137689688181573	0.177264397575876	0.250989537756777	0.0369415622171233	0.0923979547883909	0	0	0.0625274567518946	0	0.084724019816073	0.0396610724972003	0.14317291713478	0.0876955714395115	0.00534912198341773	0.0055074192207991	0	0	0	0.315029644665384	0.949952777201469
MeJA_T1.5_2	0.0215627363307175	0.191611104663904	0.130560970618949	0.139639187227875	0.179377599640687	0.0183072536264274	0	0.0820917501505128	0	0.08041415259667	0.0037087472587243	0	0.12048196841541	0.00253229103058227	0.00704651428637257	0.0154201708998952	0.00724555325327237	0	0.457368278096007	0.896082991600852
MeJA_T1.5_3	0.0142735330381836	0.15504062829214	0.248366114802511	0.116677283953726	0.0991532493430326	0.0130406023920465	0	0.0766589034574878	0	0.112209759473897	0.00875578570233261	0.024949352718771	0.104587103269569	0.00424314274184418	0.00898309999725261	0.013061440817206	0	0	0.340801834673043	0.940370803600829
MeJA_T1.5_4	0.00991613790492121	0.143353343871821	0.257878801184061	0.0777697878589038	0.112707794801052	0	0	0.0764193132307928	0	0.0847952122552539	0.00362090495889311	0.0746020100128524	0.124261136904383	0.00484208601936362	0.00431893746655243	0.00337963870189048	0.0221348948292594	0	0.407571099515172	0.914815650029249
MeJA_T2_1	0.00568239735173064	0.238333878940965	0.148161744674819	0.139754519327479	0.151574700784678	0	0	0.0442063239703666	0	0.0833387350425276	0	0.0742642085177099	0.107919987299994	0.0032554556799552	0.00350804840977507	0	0	0	0.338408004520875	0.941932876020228
MeJA_T2_2	0.00566571392659628	0.197206029819557	0.213286349739773	0.117957690912085	0.185904495724503	0	0	0.0610250653197763	0	0.0841172662798475	0	0.0360815068568335	0.0908873296371928	0.00453498854525217	0.00333356323858364	0	0	0	0.28352420824905	0.959098226604189
MeJA_T2_3	0.0320186869921017	0.195337074722055	0.1684740966065	0.132824597936286	0.147056345317583	0.0237483643748289	0	0.114309944317514	0	0.0917199813094749	0	0	0.0817199532336602	0.00335521669125958	0.00103398622638429	0.00706005362673042	0.00134169864562175	0	0.391774919853742	0.923365141048298
MeJA_T2_4	0.00921081307376323	0.223237097577635	0.254489816980326	0.0853691130809568	0.111123060258324	0	0	0.0862590459246912	0	0.0951581468869087	0	0.0501409990437822	0.0783786356951867	0.00180396980051075	0.00482930167791605	0	0	0	0.300859739040541	0.953969263950089
MeJA_T3_1	0.0139435253776537	0.00912143377236016	0.188236013807175	0.182764012440802	0.106352805880931	0	0.220145197365767	0.0623864290367226	0	0.0952755801867717	0	0.0294963372625674	0.0843799561457814	0.00116270856086989	0.00673600016259783	0	0	0	0.26197128786867	0.965189393913457
MeJA_T3_2	0.0275470036169062	0	0.16218998183384	0.175117741600364	0.146748846541462	0	0.197215183799127	0.0877759270023455	0	0.105519632658611	0	0	0.0748089064738917	0.00320642992117931	0.00276118129700081	0.00683331068872008	0.0102758545665528	0	0.394301570943764	0.926036830226958
MeJA_T3_3	0.0313020626905657	0	0.165790883896487	0.183238510985178	0.153983694898635	0	0.163320369457655	0.0828497924483538	0.00409130239071452	0.1202473026049	0.00350934132758466	0	0.0755632714473402	0.00384030550547848	0.00507614358287372	0.00718701876423365	0	0	0.412835836013397	0.92036213271481
MeJA_T3_4	0.0128854801231846	0.0112577454191542	0.259080387063362	0.159176031890526	0.090739606413454	0	0.211522158610264	0.0594176775730713	0	0.113339147109907	0	0	0.0732939560637529	0.00216751081665844	0.00712029891666593	0	0	0	0.290948447361334	0.957468907883583
MeJA_T4_1	0.0367078903830102	0.0187821914984311	0.217089488818885	0.0231072024619831	0	0	0.3295349807559	0.0932811742774065	0	0.0750693993156112	0	0.10580966197202	0.0791189838201778	0.00219717721147188	0	0	0.019301849485104	0	0.313046938163455	0.950100257197673
MeJA_T4_2	0.0131956555199164	0.101866858050586	0.153429211430717	0.162917001712848	0.00722874869471985	0	0.331710371892406	0.0446485315210904	0	0.0400888709714697	0	0.0611757687091654	0.0837389814970809	0	0	0	0	0	0.286840042425403	0.958699634693296
MeJA_T4_3	0.0166005378064965	0.0877216628097962	0.194247668389828	0.148788628214924	0.0631683273515684	0	0.267506684399024	0.0280304483657779	0	0.0473871604726442	0	0.0211136674410889	0.123727324922366	0.0017078898264859	0	0	0	0	0.345657988641017	0.938808217908092
MeJA_T4_4	0.0326706744136442	0.0888549942543765	0.121954861475823	0.132922372090148	0	0.00270994462435591	0.311497370115804	0.10756516683197	0	0.0686564059530973	0.013071783022308	0	0.10463162046582	0.0033429587545354	0	0	0.0121218479981173	0	0.476123660923762	0.890137652323252
MeJA_T5_1	0.006514808276668	0.199694081770742	0.0809088079795385	0.108866993769659	0	0	0.352913255598157	0.0625213547391479	0	0.0906299933686602	0	0.00535028753975649	0.0897146188700222	0.00288579808764917	0	0	0	0	0.402735420784028	0.925675797363054
MeJA_T5_2	0.0122805656074834	0.161638154986567	0.0721280602355589	0.148875010856008	0	0	0.39017404088346	0.0732839404612325	0	0.0727481084124743	0	0	0.0650385756042016	0.00343344878505757	0.000400094167956605	0	0	0	0.621473049481328	0.872380354680593
MeJA_T5_3	0.0113943621612748	0.1907216207779	0.0839697880212067	0.143269115428938	0	0	0.364470663519623	0.0476104363134384	0	0.0472073040729395	0.012946994812051	0	0.0870322347273931	0.00328146982961193	0	0	0.00809601033562263	0	0.76846427425886	0.822541450284853
MeJA_T5_4	0.00965771864959242	0.210777582238196	0.107829004811634	0.0717213069773923	0	0	0.325723153011547	0.0625247865989624	0.0010153762995775	0.104061104240303	0.00323909544908467	0.0141248958583862	0.0853104178631064	0.0038039448006148	0	0	0.000211613201603068	0	0.396702795255579	0.928556464996348
MeJA_T6_1	0.0108198247987331	0.271731598633147	0.0930881411254641	0.0608760766653832	0	0	0.313595228910877	0.0518111264937613	0	0.0905848802122537	0	0	0.0988283037603228	0.00479490278207874	0.000664449860926048	0.00320546675705336	0	0	0.426615792558629	0.917449679787009
MeJA_T6_2	0.011947791249187	0.257656217707801	0.0721698947904291	0.139626508639826	0	0	0.326022295098391	0.0588642229529668	0	0.0586826707036704	0	0	0.0711200399335228	0.00391035892420663	0	0	0	0	0.643585088235463	0.869306736526954
MeJA_T6_3	0.0114690976968891	0.26944640897184	0.0951756024575684	0.124900422072161	0	0	0.326684634619899	0.036604629127924	0	0.0560101658101122	0	0	0.0708662119545228	0.00405966320222809	3.35768720151156e-05	0.00214364853440658	0.00260593868043359	0	0.518131048107666	0.907735672261818
MeJA_T6_4	0.00915254701565594	0.219328028539212	0.137144347105122	0.0587766787236016	0	0	0.370178621932808	0.0610825846444771	0	0.0438686623677188	0	0.0252739866710474	0.0727110799236272	0.00248346307673054	0	0	0	0	0.271259957219401	0.963469889728049
MeJA_T7_1	0.00755548476455887	0.318721470523336	0.0959837702953407	0.110209732974841	0	0	0.244643018296733	0.05063047110773	0	0.0714106712431864	0	0	0.0947428486295341	0.00179109364829518	0.000318181635172383	0	0.00399325688127259	0	0.485298892335768	0.901581909181079
MeJA_T7_2	0.0108784220994099	0.352396053756599	0.110616041068919	0.0991889645266947	0	0	0.239900242574245	0.0568950288864305	0	0.0563717174208794	0	0	0.0610403873800289	0.00365480243353932	0.000396863235171207	0	0.00866147661808311	0	0.52385426621282	0.90722705431529
MeJA_T7_3	0.00416446156986666	0.318204845096393	0.218919211080196	0.0675273973690778	0	0	0.20358083300455	0.0533404567645999	0	0.0662682435571691	0	0	0.0651784273389352	0.00229544679352267	0.000520677425689642	0	0	0	0.418204554986587	0.930207657526567
MeJA_T7_4	0.00648123449437097	0.317937033163968	0.182898182538697	0.103638549683166	0	0	0.236979363526602	0.0360966292562485	0	0.0546132481720918	0	0	0.0585286177378852	0.00278077738173149	4.6364045239442e-05	0	0	0	0.404053765816266	0.938602116459927
MeJA_T8_1	0.0162093041043821	0.242995495981219	0.156827263881149	0.0362535075018735	0	0.00181910769326002	0.246119206860501	0.0731973678133718	0	0.053809839010523	0.052198369299207	0.0478817256735191	0.0568898332431063	0.00152907139030804	0.00117291467386584	0	0.0130969928737144	0	0.244901033142975	0.969943273487239
MeJA_T8_2	0.00660961449032792	0.271019584231237	0.130467444347394	0.0949337180828131	0	0	0.277083847104333	0.0495636186580088	0	0.035888064258775	0	0.0283461290279107	0.0907657737089992	0.00113946202305396	0.00199141844423101	0.00485166997814827	0.00733965564476804	0	0.445459217055058	0.914843904130809
MeJA_T8_3	0.0302646041300493	0.232993310287048	0.0919705139776587	0.0463564231557571	0	0.0198002736834506	0.300570519679485	0.0797192165785673	0.00116435952025712	0.0323917158160168	0.0256849004482166	0.00684398926647999	0.0878718390407807	0.0010689340368196	0.000549878469093638	0.00523981788612315	0.0375097040241959	0	0.398423153253646	0.925517208193621
MeJA_T8_4	0.0180563315072707	0.219304698696474	0.101911882743439	0.0270415241245627	0	0.00223282059951847	0.281353357652276	0.0671633237586564	0	0.00896002716908466	0.00367753874372101	0.0661071280445416	0.171176599898433	0.00107484500941534	0	0.0068157606962558	0.0251241613563506	0	0.44890002539676	0.893806373924576
MeJA_T10_1	0.013204606422032	0.36780325539781	0.133784127869417	0.0795560072558666	0	0	0.1707654226619	0.0471594824727965	0	0.0682659605490293	0	0.00824317332070158	0.108068583467378	0.00168225860902666	0.00146712197404257	0	0	0	0.486475640233868	0.895497344926506
MeJA_T10_2	0.0109304845474193	0.361462820045737	0.103916020361977	0.109091502140761	0	0	0.189961592551101	0.0361507745459331	0	0.035073180445031	0	0.0115734457936076	0.141131224052993	0.000708955515441022	0	0	0	0	0.625640807285984	0.826659254066809
MeJA_T10_3	0.0219196381399447	0.367945465304529	0.149486501102468	0.0483559028877425	0	0	0.128616268454767	0.111018606665167	0.000764066072871169	0.0470511281804651	0	0.020901992383287	0.0999598436787369	0.00289141703614846	0	0	0.00108917009387399	0	0.446427385765318	0.902759407982393
MeJA_T10_4	0.0162258704304564	0.399589039860954	0.119736588829337	0.120916170276905	0	0	0.149678969011808	0.0630421237407371	0	0.0615188411390704	0	0	0.0525557238638848	0.00615773619285733	0.0026057145835749	0.00797322207041552	0	0	0.721505474152979	0.860667384040946
MeJA_T12_1	0.0116616918963089	0.559693517381468	0.160379659369614	0.0785615520949005	0	0	0.0472118536272344	0.0580540610054638	0	0.0344214101179855	0	0.00653150013498589	0.0423009893066981	0.00118376506534073	0	0	0	0	0.341315349332101	0.952285720491012
MeJA_T12_2	0.0121875312657075	0.465453159368865	0.143190680797022	0.0847404998673604	0	0	0.0729900110748457	0.0702927548743081	0	0.0970924881586333	0	0.000534402367091414	0.0503693796762868	0.00314909254987985	0	0	0	0	0.485212022199836	0.91526914868238
MeJA_T12_3	0.0132862050981945	0.492227943850238	0.109219230901991	0.115684493018498	0	0	0.0994406875462297	0.068173283863465	0.00999823258157187	0.0559147180573755	0.00120751308867903	0	0.0302318259891923	0.00210919667066534	0	0.000660359666510842	0.00184630966738866	0	0.62389611115217	0.894005531660573
MeJA_T12_4	0.012154042312296	0.508705152995819	0.126148356520803	0.0700427377281977	0	0	0.0796274527727686	0.0613906575457703	0.0291723217722751	0.0496951444411416	0	0.00101528695515825	0.0602664030548894	0.00178244390088174	0	0	0	0	0.543401767781037	0.901293275440395
MeJA_T16_1	0.00886443235632751	0.451229011679933	0.165990000435017	0.178153315254845	0	0	0	0.0339588511053787	0	0.0434952821569664	0	0.00348007326984971	0.114829033741683	0	0	0	0	0	0.610786066462916	0.848816337325644
MeJA_T16_2	0.0209944451514687	0.393024004917662	0.181300908735655	0.166237127431235	0	0	0	0.0441789238090067	0.022002051915649	0.0554869645324684	0	0	0.113945352874226	0.00251623505734628	0.000313985575283314	0	0	0	0.651604922272113	0.831912690875311
MeJA_T16_3	0.0259020190462727	0.47483371084754	0.133064023292887	0.147670798922415	0.0118825099845089	0	0	0.0543202929016557	0	0.0525744829594272	0	0.00189710929799161	0.0959148630692997	0.00129833077531689	0.000641858902684783	0	0	0	0.658515190952755	0.843175029054904
MeJA_T16_4	0.0118908605154908	0.425577044722168	0.184482640397827	0.137737764254153	0	0	0	0.0624814369906157	0.0178871034870625	0.0574192420644298	0.00349149141805481	0.00835917664257345	0.0905657237343994	0	0.000107515773225175	0	0	0	0.599257324852031	0.86405734602988
