Mixture	cl6	cl4	cl5	cl0	cl1	cl2	cl3	cl9	cl10	cl7	cl11	cl8	cl15	cl14	cl12	cl13	cl16	P-value	Correlation	RMSE
bulkRNAseq1	0.0372951628567958	0	0.0903781813245702	0	0.319166526453049	0.0203534603392121	0.106852597346741	0.125322442898885	0	0	0	0.234776964192521	0	0.0461232894116784	0	0	0.0197313751765477	0	0.330369826292724	0.94417606387591
Guard_cell1	0	0.0590470327534223	0.105102592338962	0.0918795731901902	0.0759677174433585	0.186076070020125	0.0493305319244402	0.138740793881059	0	0.0558023532448515	0	0.0168364071623238	0.00466737042524124	0.0353823363576748	0.013188150509689	0.000434218953187464	0.167544851795475	0	0.163563339316578	1.00208302805189
Lower_epidermal_cell1	0.0332534218024864	0	0.00311846402301122	0	0.277088568319134	0	0	0.0600619364702224	6.88058073331113e-05	0.00021482521769603	0	0.577203284586353	0	0.00694083416962871	0.00133722795718578	0	0.0407126316469494	0	0.291264419834201	0.95718136131659
Palisade_mesophyll_cell1	0.0295257636462314	0.0546217947658181	0.0526544698254686	0	0.265236169949966	0	0.27405292210553	0.104379478781817	0	0	0	0.167426539279591	0	0.0429307118547558	0.00046836407458749	0	0.00870378571623578	0	0.281875502814135	0.9596855336512
Spongy_mesophyll_cell1	0.0476491507475439	0	0.11751699231102	0	0.34197794014799	0.0307607004644455	0.0798554365720787	0.168864118566915	0	0	0	0.174810506663915	0	0.0385651545260919	0	0	0	0	0.404571418833071	0.914659213479377
Upper_epidermal_cell1	0.0131450281853185	0.0608882484565574	0.0371936708480057	0.0462186169261502	0.256152928743474	0	0.0975711098912891	0.0299615293754887	0	0	0.000246161848926601	0.429105849282874	0	0.0294893047741612	2.75516677552319e-05	0	0	0	0.23586926817835	0.972364466395207
Vascular_cell1	0.0820120086218247	0	0	0	3.16898307515723e-05	7.15088172406879e-06	0	0.424570956570614	0	0.493361264120721	5.12800669512443e-07	0	1.01312130940034e-06	4.41288296639985e-06	4.7347733769001e-06	6.25639604244159e-06	0	0	0.724581561214875	0.723797881281777
bulkRNAseq2	0.0116062496775103	0	0.0885002565785558	0.197292747684695	0.279195745486563	0	0.124114528695936	0.0367111701302072	0.0187008485040806	0.0332062227550486	0.00615508607575063	0.172580025431797	0.00914444897942673	0.0112732023190525	0.00153865414595834	0.00972365582658662	0.000257157708830955	0	0.34977856764183	0.947985618949331
Guard_cell2	0.0227021516215664	0.492654135206197	0.0270742616248756	0.163137301630923	0	0.0969619600414253	0.15351378404668	0.0111313062445638	0	0.00660181061885786	0	0	0.0262232889649116	0	0	0	0	0	0.182150255957182	0.983783752652595
Lower_epidermal_cell2	0.0128796953761479	0	0.0836057223644563	0.253887710410593	0.237398525058752	0	0	0.0423253419171573	0.0864213218298419	0	0	0.158273773502792	0.00857446771697204	0.0245526149606136	0.00342198250696338	0.0101730862251765	0.0784857581305331	0	0.447676318010214	0.914828615168054
Palisade_mesophyll_cell2	0.00387667191601476	0	0.0806913034491047	0.142190722911757	0.360365136666845	0	0.268897010201481	0.0173697433632608	0	0	0.0116653462175052	0.0985379817103737	0.0003074004187838	0.00818515121320367	0.00159816629254727	0.0014054711402329	0.00490989449889004	0	0.202630214622161	0.980399824081836
Spongy_mesophyll_cell2	0.0248191593036092	0	0.115759991134564	0.019918228206849	0.46619674391499	0	0.135310528207754	0.0689279386350597	0.0233623410978929	0.0227937318077246	0	0.0598520889671441	0.0176665690171783	0.0188585288788278	0	0.0140170219037003	0.0125171289247073	0	0.354952583774446	0.946671821971043
Upper_epidermal_cell2	0.00372586904704553	0.0290950442358984	0.0336852479650489	0.437673388523583	0.116754600869116	0	0.100605350838353	0.00692998736727945	0	0	0	0.244548496385209	0.0018845938706846	0.00789092352411863	0.00818852018534582	0	0.00901797718831815	0	0.461134700925361	0.901143306970537
Vascular_cell2	0.0374265318603074	0	0.0550951993873609	0	0.000691487986812668	0	0	0.129089958346765	0	0.739658573556886	0.000978699770250952	0.000833456375109346	0.0357948535125314	0.000423810387917839	0	7.4288160583784e-06	0	0	0.669049951112373	0.769252986859702
bulkRNAseq3	0.0170448765494643	0.112857687812335	0.0875597968313385	0.000601356534659876	0.189028304889991	0	0.121830581437604	0.065563782025791	0.0533335328270498	0.0452284752961784	0	0.177657742175635	0	0.0519221893881482	0	0	0.077371674231805	0	0.250667395182874	0.969081081141537
Guard_cell3	0	0	0.0501013419224725	0.0135193810534617	0.114147693245375	0.189797160830755	0.059942279447518	0.0115434703437754	0	0	0.100438754426521	0.0984983301810609	0.00542494688681627	0	0.00477173849641564	0.0982807813201287	0.2535341218457	0	0.215782145158226	0.97642191010206
Lower_epidermal_cell3	0.00437329861935896	0	0.0927834261763354	0.0772917086929302	0.0904622154410556	0	0.0822914782244393	0.0457396099119334	0.0258872867699639	0.00730305285906455	0	0.441946054575489	0	0.0505231837028374	0.00802996553622445	0.00104315556060518	0.0723255639297623	0	0.258667136805761	0.965982712158743
Palisade_mesophyll_cell3	0	0.197785968762324	0.0841911088896057	0	0.256938326788007	0	0.14260368171963	0.0344750676325356	0.0156349464655012	0.0256201712421182	0.0256810471497046	0.123490563006467	0	0.0798608935105674	0	0	0.013718224833539	0	0.183109486569651	0.983783230504076
Spongy_mesophyll_cell3	0.0349076840282833	0	0.232232292742184	0	0.290497074062452	0	0.0942060018567025	0.134300438735408	0.0555927624488317	0.0130785932180444	0	0.0946917637860917	0.000292335133726053	0.027700873884037	0	0	0.0225001801042398	0	0.290459036740355	0.957242555578105
Upper_epidermal_cell3	0.00151568230762258	0.191187527260005	0.0057309897421068	0.246052937840171	0.218124598046109	0	0.027091451429866	0.0221652321320772	0	0	0.0152271244455549	0.185394605956149	0	0.0471113543888866	0.00328404066742137	0.00214152643982404	0.0349729293442067	0	0.259846744628539	0.966591738836358
Vascular_cell3	0.125280031267622	2.95827572339326e-05	2.63302417981222e-05	0	2.75203795436623e-06	0	1.46130669905218e-05	0.392397593111863	9.56658365509638e-06	0.482194362225259	2.51823149294778e-05	0	4.58112931252326e-06	1.32899120800913e-05	1.34307576220689e-06	0	7.72275539034429e-07	0	0.740461740895184	0.690176579879759
bulkRNAseq4	0.0210707778377081	0.0552493366021437	0.124851413578101	0.0913214575498483	0.317469484012132	0	0.0619019805723329	0.0927458865334901	0	0.0133172791384894	0	0.165690274398601	0	0.0344650012310037	0	0	0.0219171085461504	0	0.289367268489573	0.957844144573089
Guard_cell4	0.0110556145840654	0.0799697642629381	0	0.585055982199516	0.0459986714351718	0	0	0.0684803778507841	0	0	0	0.0881887187403334	0.000701298506792331	0.0126391728911363	0.0690098729092794	0	0.0389005266199834	0	0.272878110095734	0.969340553039109
Lower_epidermal_cell4	0.0131120585703945	0	0.0784681902478597	0.0753903117486784	0.192782785603475	0	0	0.0938361367936584	0.0796196297324016	0	0	0.284795072510531	0	0.0636230572092764	0.0244286318205643	0	0.0939441257631608	0	0.369882252533317	0.932698750711411
Palisade_mesophyll_cell4	0.0194460440898659	0.0933820081254495	0.0821218965671105	0.0177882399578117	0.444598411211996	0	0.139666894644029	0.0606767114644735	0	0	0.0165968758081713	0.0806487332054924	0	0.0449944624142571	2.53732679137978e-05	5.43492434296321e-05	0	0	0.205951604268754	0.978829894850019
Spongy_mesophyll_cell4	0.0263642295851081	0	0.279924435829582	0	0.400513769154439	0	0	0.249143146897693	0.00818510752659572	0	0	0.0183726324367098	0.001138653330343	0.0126801725078746	0	0.000257458288248199	0.00342039444340644	0	0.504200049807983	0.864286753517376
Upper_epidermal_cell4	0.0170733704682147	0.0744879871757583	0.0465598561753334	0.185809871184051	0.311506956900418	0	0.061254283186497	0.0461335159701736	0	0.00955299295023599	0	0.225964548738883	0	0.0167989996205912	0	0	0.00485761762984451	0	0.231010600508732	0.972966391722082
Vascular_cell4	0.106484237768434	1.62895709375594e-05	9.50578022900597e-06	1.24791171184117e-05	3.81950077984695e-05	0.000178719556337864	7.44064741270762e-05	0.284104563516029	2.93609795558472e-05	0.608845458519743	1.8961350004936e-05	4.21521127937955e-05	5.15110912425013e-06	4.33243153790609e-05	1.16386298956693e-06	1.00426556844689e-05	8.59883037141079e-05	0	0.693040298724051	0.721038069412182
bulkRNAseq5	0.0158152259700172	0.0953880274473513	0.056274015014892	0	0.163467362205582	0	0.141416320641829	0.046832659668697	0	0	0	0.322200547382103	0	0.0789075366104163	0	0	0.0796983050591124	0	0.198722613404814	0.979943132173669
Guard_cell5	0.0209838763063668	0	0	0.123738563829177	0.135349318092062	0.238061822255001	0.0521164070829987	0.042018842310582	0	0	0	0.00365693412451533	0	0.122483784930978	0	0.0228952510169442	0.238695200051376	0	0.126026653824136	0.996998941465481
Lower_epidermal_cell5	0	0	0.0150714717091675	0	0.224049058616916	0	0	0.00934633956748896	0.109536438248502	0	0	0.488432483508336	0	0.123146734347496	0	0	0.0304174740020944	0	0.24827294251957	0.969235424215632
Palisade_mesophyll_cell5	0.0167202058338445	0.29110984063838	0.0255213071142635	0	0.136272886073979	0.0372882843530548	0.242723062265575	0.0471410991540483	0	0	0.0366725030383114	0.0970045701202246	0	0.021718520649249	0	0	0.04782772075907	0	0.154153835571344	0.988105612031746
Spongy_mesophyll_cell5	0.0041718946406169	0	0.0767219870045975	0	0.393822270366961	0.0214278435009296	0.0608779636359128	0.0682887762215165	0.0271953616598667	0	0	0.270185823076992	0.000184585961523022	0.070820536089889	0	0.00345987894332052	0.0028430788978746	0	0.182283150349384	0.983366913921315
Upper_epidermal_cell5	0.0137760852789933	0.192300256388735	0.0442435296373375	0.0711561132999876	0.141143436748195	0	0.0553233342654733	0.0180772261763919	0	0	0	0.354057296388369	0	0.0705487438194092	0.00232828032895619	0	0.0370456976681514	0	0.234182174311422	0.973010308501949
Vascular_cell5	0.180723704279373	0.0280870681115102	0.103526747019855	0	0.000801093208956396	0.0409905668474274	0	0.587344869007976	0	0.000943761546633631	0	0.0455742593998508	0	0.00960354958506952	0.00240438099334742	0	0	0	0.706186065776095	0.895958224201099
bulkRNAseq6	0.0266390113066789	0.0816434114701998	0.0949783877251007	0.0352478342512377	0.348424520698757	0	0.0707376006154434	0.0688533338281278	0.0161053164316075	0.0118309500519479	0	0.183548149173934	0	0.0399625594133173	0	0	0.0220289250336477	0	0.291408038238617	0.96023600022724
Guard_cell6	0.107669718396187	0	0	0.10839524970752	0.143442946804633	0.0948289839755454	0	0.0327251155369526	0	0.0509125656877686	0.0973299843667309	0	0.0452270596935143	0.17759923151607	0	0	0.141869144315078	0	0.102652481460575	1.00868734255581
Lower_epidermal_cell6	0.0394330092195554	0.0246463188216774	0.0274807107470514	0.273706695968635	0.143128049317101	0	0	0.0609927348277443	0.0709154712346845	0.0108158257626515	0	0.207277119692379	0	0.0641331018920404	3.98977961427062e-05	0.00363268735616419	0.0737983773641738	0	0.293981680536046	0.955700989439137
Palisade_mesophyll_cell6	0.00137358949726588	0.229338211802623	0.0321408607856526	0.0163087748869062	0.461487474416233	0	0.0897273094272655	0.0376228111723513	0	0	0.00332388151070125	0.0588771463307548	0	0.0680183928879999	0.00178154728224677	0	0	0	0.206906866430331	0.979861934274842
Spongy_mesophyll_cell6	0.0477671007736855	0	0.204608405908301	0	0.442361563040989	0	0.0150331393302695	0.114478846619268	0.052730920331576	0.00860326113776978	0	0.0931875246053615	3.62353829202701e-05	0.0202197791309588	0	0.000973223738900321	0	0	0.363082992839483	0.934743583065469
Upper_epidermal_cell6	0.00211287186553737	0.0866160180028598	0.00463303356484451	0.378588849319176	0.288449832089913	0	0.042554736995002	0.00497399071840938	0	0	0	0.126343567159442	0	0.0315420121259234	0	0	0.0341850881588936	0	0.295920909093248	0.956280285778361
Vascular_cell6	0.0726974545104823	0	0	0	1.64995595106524e-05	2.33003603834894e-06	0	0.348356377850225	3.0067320343637e-06	0.578839421761728	3.11484493929358e-05	1.86933886261905e-05	2.55404929764865e-07	4.50790362961776e-06	8.17070962409263e-08	2.54515683721713e-05	4.77112793433336e-06	0	0.792586877762514	0.610043944404037
bulkRNAseq7	0.0324100931806266	0	0.0588776388704951	0.0133292277762575	0.360896345306674	0	0.0385220717279483	0.10966818557491	0.0191119363566552	0.00698116393607921	0	0.261078343844308	0	0.058434821412821	0.00123581094961135	0	0.0394543610636133	0	0.344812109626394	0.94079577787772
Guard_cell7	3.14772550522165e-05	0.0001528659561924	4.48220494583187e-05	0.731788823599916	7.62245878794029e-05	0.0002763321151073	0.000123384379130434	0	0	8.12623533753871e-05	0	0	0	3.17536842744477e-05	0.267039719155921	9.98411391916621e-05	0.00025349372450112	0	0.286041630413005	0.994240870444747
Lower_epidermal_cell7	0.0143000630876879	0.00215081362734208	0.0827597927576131	0.0797057398410957	0.222524470460138	0	0	0.0476883416223189	0.102310605835578	0	0	0.286330471153727	0	0.0937806705512731	0.0130415471361505	0	0.0554074839270758	0	0.324964516901331	0.951168669203981
Palisade_mesophyll_cell7	0.0281973340425326	0	0.109448564314546	0.00885946658464005	0.366672729840967	0.00707053720568406	0.228660570551742	0.112101148406227	0	0	0	0.0806876838012302	0	0.0581288387520572	0.000173126500374356	0	0	0	0.254078142669577	0.967252799350681
Spongy_mesophyll_cell7	0.010705986788981	0	0.102174703981469	0	0.368612805012368	0.0569035266787797	0.0119515243888908	0.186991065720561	0.0628772156872466	0	0	0.141745059191736	9.16652885153621e-05	0.057573931384759	0	0.000372515876692818	0	0	0.399121065924019	0.916856070780564
Upper_epidermal_cell7	0.023589776630109	0.0887744350876248	0	0.160223959040817	0.286839729201096	0	0.120339396378072	0.025931840698385	0	0	0	0.273298939815924	0	0.00953097085188105	0.00722047225410099	0	0.00425048004199014	0	0.226868325795443	0.974174597950735
Vascular_cell7	0.114704457803654	0	0.0143304644697869	0	0.00832120444008908	0	0	0.405524499529169	0	0.433461597648871	0	0.0126074635705629	0.00923127205357535	0.00181904048429193	0	0	0	0	0.667964068749117	0.783326565216322
bulkRNAseq8	0.02498313144486	0	0.0661670072334472	0.050989988790701	0.370763670453185	0	0.0481048837508683	0.0890863550056035	0.00861108171517237	0.000724996443127536	0	0.237582096556921	0	0.0694008793281327	0	0	0.0335859092779807	0	0.347321946702484	0.942945888077067
Guard_cell8	9.31636654691747e-05	0.00292162116685518	0	0.00365960138027486	0.0127820497921302	0.00530598074570477	0.000335125636808518	0.000601202728189628	0	0.00104597717506765	0	0.00155768301614801	0	0.00222686634966179	0.956212045635736	0	0.0132586827079541	0	0.167203317678579	1.55138956635523
Lower_epidermal_cell8	0.0236446436813918	0	0.0705692581950847	0.0989485340029601	0.217838149609612	0	0	0.0673843358915547	0.113097986150137	0	0	0.273958159097821	0	0.0574671949794348	0.00854311371288127	0	0.0685486246791222	0	0.379670604670107	0.933891744459851
Palisade_mesophyll_cell8	0.0198691882429601	0	0.0986535676117269	0.00740092273410799	0.46186834210006	0	0.124565615433853	0.0846275975675691	0	0.00383835848008027	0	0.124938645978592	0	0.0651257195717553	5.44257940904364e-05	0.00269024051310354	0.00636737597210192	0	0.241208384165963	0.97056878436096
Spongy_mesophyll_cell8	0.030944818903459	0	0.0692236637188171	0	0.514501948587712	0.0467617731023872	0	0.0991820311461673	0.0126189718598285	0	0	0.123885647817895	0	0.0983432383111772	0	0.00453790655255721	0	0	0.370872153223232	0.936277056623934
Upper_epidermal_cell8	0	0.112829126239647	0.00625900759775316	0.209798841192042	0.259243904388758	0	0.0239335760697291	0.0203114877641018	0	0.00194223750875094	0	0.309481439419118	0	0.0232820089840747	0.00352749153458997	0	0.0293908793014353	0	0.379953359013209	0.936999070707249
Vascular_cell8	0.132017861267558	0	0.000247300920176416	0	6.47268872030104e-05	0	9.83779950049217e-05	0.42411577754557	0	0.440357697305604	0	0.000174548860869937	0.00257725486003581	0	0	0.000130189846723843	0.000216264511253912	0	0.718473811525728	0.734780592345576
bulkRNAseq9	0.0228032519057393	0.126969397743235	0.0256555395638478	0.00546728502367133	0.197808174896391	0.0330742784827746	0.147657340529311	0.0513149928417737	0	0	0	0.258545529007354	0	0.0571803941565028	0	0	0.0735238158493995	0	0.278626079263356	0.964415177734398
Guard_cell9	0.0166367888042208	0	0.0527546961660589	0.283874555606467	0.0965565266997922	0.168736825336057	0.0641673954292943	0.00312934432347817	0.0276157284170186	0.0208862221834842	0.00646345147880714	0	0.0306746712267101	0.0662745413959249	0	0	0.162229252932687	0	0.207622265072051	0.9788267116421
Lower_epidermal_cell9	0.0316429390340671	0	0.0492282016064636	0.156100758587864	0.139604382958393	0.0323152108933755	0	0.0505859136962836	0.088109253912194	0	0	0.29190621558759	0.00153855822622507	0.0859267389595801	0	0	0.0730418265379647	0	0.33730274306409	0.944627454536891
Palisade_mesophyll_cell9	0.0149340711033705	0.23496108810147	0	0.000536664027223647	0.213576611657479	0.0817414206841988	0.218697765281618	0.0394433053102174	0	0	0	0.139625230439278	0	0.0164720147216688	0	0	0.0400118286734762	0	0.20508341763825	0.980108651665436
Spongy_mesophyll_cell9	0.0225031432041924	0	0.0743952431034602	0	0.258067927903889	0.0539997882163561	0.19793692956436	0.0771898021469723	0.0391979747429709	0	0.0203065189381021	0.211400007546824	0	0.0427580285926046	0	0.00224463604026928	0	0	0.283143647851551	0.961576105797619
Upper_epidermal_cell9	0.0124419778423915	0.232815508654378	0	0.27748216596512	0.034970641515687	0.0318670043013958	0.0470576404657389	0.0167618911580897	0	0	0	0.176846304879883	0	0.0253123686840049	0	0	0.144444496533312	0	0.377418815978308	0.933354379119974
Vascular_cell9	0.163714627125742	0	0.0271709410363977	0	0.0557366310673318	0.0367775659066338	0	0.502743168645299	0	0.144636825641043	0	0.0474349744456435	0.000739830349124762	0.0191041352068751	0.00194130057590959	0	0	0	0.761114535271559	0.727026181582676
bulkRNAseq10	0.0148185468857656	0.0977973773033625	0.0712238851947766	0.117474646400731	0.328077511912302	0	0.077467042936758	0.0553497396960434	0	0.000673406261666905	0	0.119515293866151	0	0.0686093673243126	0	0	0.0489931822181304	0	0.279558134529412	0.963575732431678
Guard_cell10	7.94097548551295e-05	0.000198281165616125	0	0.69358466989702	0.000127675974257195	0	0	0.0869042048998631	0	2.30365572478883e-05	0	0.000162772289017413	5.66339566004431e-05	0.000125948767517628	0.218353979504509	5.48700541419414e-05	0.000328517179354431	0	0.235102194291189	1.01550134845992
Lower_epidermal_cell10	0.0363355282269006	0.0499189906536777	0.0749408350252275	0.100532144794644	0.172224275212342	0	0.00781560546334949	0.0593855706900681	0.131919751622671	0	0	0.196714016798046	0	0.0671729906138177	0.0102330350785954	0	0.0928072558206603	0	0.341153570270349	0.945444567424171
Palisade_mesophyll_cell10	0.00576763589743756	0.072657194672308	0.0402792485882522	0.0625569697598386	0.517003302332202	0	0.117967244231072	0.0480475840896857	0	5.97367866142965e-05	0.000100605831665944	0.0842370392727	0	0.0513234385382233	0	0	0	0	0.236968057364555	0.973824348731838
Spongy_mesophyll_cell10	0.0393009841957704	0.00838818088638896	0.15109883745688	0	0.427734267120562	0	0.0409068767896888	0.0984741902195598	0.0611980336450503	0	0.0123021722505711	0.0851556046652306	0	0.0754408527702975	0	0	0	0	0.298401509911148	0.955428322359429
Upper_epidermal_cell10	0	0.151274929300672	0.00788890244793879	0.284247264103424	0.25876162597056	0	0.0113855848884486	0.0297132760425684	0	0.00430432731321771	0	0.15147904972338	0	0.0455009440061725	0.0100372671758258	0	0.045406829027792	0	0.320643397641092	0.951327744958542
Vascular_cell10	0.0592080027261631	4.63575226476215e-06	0	2.08503864457713e-06	0	1.34026437084262e-05	0	0.219450733233961	0	0.721297185367165	5.70175418059275e-06	7.84348883361036e-06	5.11889350096887e-06	2.97050641839867e-06	0	2.32059516001144e-06	0	0	0.702704293181372	0.719050590074201
bulkRNAseq11	0.0223956149597908	0.131558345756349	0.0467701827824433	0.0553534895409555	0.190424418590176	0	0.0927117493194925	0.0779909189534095	0.0771272737731394	0	0.00462061736314105	0.176728492522148	0	0.0606398266077408	0.0011822787094646	0	0.0624967911217495	0	0.349137600403541	0.944560237309081
Guard_cell11	0.144677311895929	0.0357776641221465	0	0.0402038994916698	0.083935917375417	0.0240523071735555	0.082817254288636	0.302288550535203	0	0	0	0.0599156615764231	0	0.0121689253046038	0.121691914762582	0	0.0924705934738337	0	0.329890479815032	1.01449914376955
Lower_epidermal_cell11	0.0310297675705339	0.0447952928805503	0.0669197727711891	0.135810965209304	0.129939375343003	0	0	0.110874635231631	0.1789059554428	0	0	0.156577310027586	0	0.0289066481201744	0.0006400634521103	0	0.115600213951118	0	0.44989494919928	0.902425891250833
Palisade_mesophyll_cell11	0.00394264097316716	0.286886877558831	0.11610965701381	0.0468879873795605	0.188994238630403	0	0.12840793256761	0.0319988864538858	0.000409133483821899	0	0.0770971895797274	0.1144650688946	0	0.00413098493352431	0	0	0.000669402531059315	0	0.232220331839572	0.976287260574943
Spongy_mesophyll_cell11	0.0525048377907293	0.0618358790215884	0.120526033877032	0	0.390821570368638	0	0.0336586390993068	0.138191906133991	0.0688083776366437	0	0.00698706994942954	0.0658318815293661	0	0.0596304101566942	0.00120339443658143	0	0	0	0.323090418222149	0.946289963804808
Upper_epidermal_cell11	0.000668403392314241	0.121146311112805	0	0.484120420681342	0.0752839197941214	0	0.0636831866758647	0.0143735843924328	0.00979577412823361	0.00154772223518601	0	0.104259283905524	0	0.00961687695429933	0	0.00237382141338221	0.113130695314494	0	0.403925291713911	0.918429695054165
Vascular_cell11	0.105316880684875	0	0	0	0	0	2.48200203535055e-05	0.24487154431336	0	0.649559809687051	0.000124767756386068	8.08353150299072e-05	3.51456840153289e-06	1.70727908097606e-05	7.54863732604559e-07	0	0	0	0.677823892895233	0.735806633154685
bulkRNAseq12	0.023393995259708	0	0.0592290765180346	0.218392479065206	0.336418376765988	0	0.137288688187408	0.0341146852410334	0.0102834336497583	0.0167696328647768	0	0.0923700298390906	0.00866808275740008	0.0139636635391855	0.0010914014399751	0.0202857716428213	0.0277306832296147	0	0.463334049003569	0.924486276290414
Guard_cell12	0	0.182842370536748	0	0.131957063454281	0.00753250574521379	0	0	0.0999847229030092	0	0	0	0.118518581395551	0	0.123863414796444	0.0633283835145918	0.0556552243962929	0.216317733257868	0	0.227693369474715	0.978842640666302
Lower_epidermal_cell12	0.0108783318298617	0	0	0.821789045232453	0.0465478991630474	0	0	0.0149832461116259	0.0371159191853208	0	0	0.0277944523519208	0.000140960817178609	0.000965981377862224	0.00195485773223886	0	0.0378293061984908	0	0.564199686977408	0.834708972276395
Palisade_mesophyll_cell12	0.00869816201824076	0	0.0482298670236961	0.298258504562628	0.30228487599227	0	0.240912532703453	0.0187061647562476	0	0	0.0110107317159609	0.0459096468771023	0	0.0138839736969645	0.00269046169697898	0.00522635147127303	0.00418872748518419	0	0.304989283727526	0.958428210118167
Spongy_mesophyll_cell12	0.0297958041665189	0	0.131163622554716	0.0331962285446159	0.470444545047439	0	0.115626184392104	0.0554989506662607	0.0368258888061506	0	0.00952106806426596	0.0537078502369079	0.0159783895709037	0.0205837157116414	0	0.0276577522384769	0	0	0.425658215717103	0.935622799675795
Upper_epidermal_cell12	0.00809077628830121	0	0	0.404642355888673	0.16538163300048	0	0.161730122341218	0.0171781768018594	0	0.013010064817003	0	0.118751414632934	0.00158153915710136	0.0114166419749589	0.0135998720480763	0.0456646744107894	0.0389527286386057	0	0.634528086125752	0.853877972302139
Vascular_cell12	0.0129265978911117	1.37232596024873e-05	0	0	2.96146744389932e-05	7.02380857998463e-06	0	0.107954265833947	1.11599842742577e-05	0.841496318825682	5.45015724363546e-06	1.31741056704103e-05	0.0375179190562104	8.96931869695895e-06	0	0	1.57830845419019e-05	0	0.625801711728859	0.79750772491744
bulkRNAseq13	0.0214446310361924	0	0.0705523958087667	0.0364413241479907	0.270753078991912	0.0334628417590207	0.181714025358926	0.0697660285764549	0	0	0	0.239185183002611	0	0.0471415025051747	0	0	0.0295389888129511	0	0.268853214602832	0.964768749927113
Guard_cell13	0.0363604466621837	0.116639560631952	0	0.329554641858334	0.0745625791874308	0.0603410048946511	0	0.139669270466902	0	0	0.00974139252722193	0	0	0	0.0944513277900908	0	0.138679775981234	0	0.16001997354876	1.01896495174548
Lower_epidermal_cell13	0.0378305999175404	0	0.0332685434176953	0.0482300892695262	0.241048449543697	0	0	0.127016607555137	0.0422254251650764	0	0	0.355598313781575	0	0.0135310776870281	0.00101889721687716	0	0.100231996445847	0	0.451168788039914	0.899286640412229
Palisade_mesophyll_cell13	0.00080177245719336	0.0260072293225683	0.0453250140712508	0	0.420637114246349	0.00881222556468666	0.288588220624297	0.0356158220522265	0	0	0.0135629671068703	0.13453513973587	0	0.0259390425952309	0.000175452223457611	0	0	0	0.19989469797542	0.981139980175367
Spongy_mesophyll_cell13	0.0109393183532871	0	0.0969878020097597	0	0.376938624470192	0.11585562991131	0.150533535639507	0.082641651742242	0	0	0.0410108117877414	0.0864864126666224	0	0.0347533927278798	0.00115543680749847	0.00269738388396081	0	0	0.243162035829396	0.97038312341651
Upper_epidermal_cell13	0.00489841244055023	0.160436031364109	0	0.221362022998203	0.186923393223771	0	0.112929313251306	0.0114187694299688	0	0	0	0.252882667481287	0	0.00599888858766721	0	0	0.0431505012231378	0	0.287564541570148	0.960108733435911
Vascular_cell13	0.109564737349944	0	0.0144035246968824	0	0.0894023808214434	0.0439330366876675	0	0.434199056207805	0	0.22710443705684	0	0.0633181721980949	0	0.0154598611036349	0.00261479387768732	0	0	0	0.751024090643794	0.687345749400443
bulkRNAseq14	0.0116205320148641	0	0.0745744716803118	0.0306915408698534	0.303012799627922	0	0.207319356551006	0.075542218845126	0	0.00680975752847453	0	0.188026902287141	0	0.0506322582378781	0.000830956051321358	0	0.0509392063061014	0	0.314066061311921	0.95445941611971
Guard_cell14	0.0155021176870118	0	0	0	0.26324875666417	0.0643694147436431	0.0140051909194102	0	0.0273743680551995	0.0634821512124691	0.0311689496355863	0.200776577813628	0	0.178473452150541	0.0212899212417343	0.120309099876606	0	0	0.118381937951313	0.993442566931768
Lower_epidermal_cell14	0.0182834698883236	0	0.000671445755280851	0.0546820262115925	0.258761929757755	0	0.0302926987025067	0.108619949992801	0.0432668069428445	0.0124393893727009	0	0.342698319251743	0	0.0371725400246812	0.00717203545122978	0.000470186780885052	0.0854692018676564	0	0.381152818563379	0.92767889341435
Palisade_mesophyll_cell14	0.0163425040042518	0.00526225237021379	0.082336567960459	0	0.30811676797919	0.0101211048081022	0.308869634781133	0.0738805754422891	0	0.0222956498514592	0.00627641582522904	0.107052831167228	0	0.0372641434987866	9.98287372238679e-05	0	0.0220817235744344	0	0.271466305291877	0.964883496266775
Spongy_mesophyll_cell14	0.0212482025012701	0	0.0500939864240827	0	0.364627713020304	0.0570989290433533	0.0894549680897912	0.106335091155653	0.0316880341940449	0	0	0.159918576829231	0	0.0650534405905477	0.00173035316818699	0	0.0527507049835342	0	0.35938003661592	0.938140046907126
Upper_epidermal_cell14	0	0.095233507243089	0.0235436042158902	0.268313482777684	0.194652789572199	0.0412918130354159	0.112573929083908	0.0191244794020463	0	0	0	0.152409692849555	0	0.0188467598762981	9.82070352002569e-05	0	0.0739117349087141	0	0.331058090348203	0.949432765422469
Vascular_cell14	7.32956360008663e-05	0	6.44993628315151e-05	0	0.000317598494991543	0	0.000186618377265919	0.998315594232163	0	0.000441083519034066	0	0.000571737628415968	2.09269093691121e-05	0	8.64583992808502e-06	0	0	0	0.618598875235762	1.64129896644149
bulkRNAseq15	0.0256399316531791	0.066949468433082	0.0862761317874868	0.0182690976110963	0.199439871938905	0	0.163440612924718	0.0491761220724243	0.128531207277119	0.00435061395221459	0	0.145142035135808	0	0.0471433605669026	0.000710376354903406	0	0.064931170292162	0	0.333859283102754	0.954525448501812
Guard_cell15	0.0655459643321555	0.147961283409214	0	0.137310058347514	0	0.136751131934183	0.0892485609703223	0.0215820044763299	0	0.060814762516249	0.0388243627402751	0	0.00762783147513087	0.107779079671921	0.0402232344035986	0	0.146331725723107	0	0.181855216696368	0.983775821475725
Lower_epidermal_cell15	0.039958971412645	0.015435686929967	0.0245476228634477	0.180569738363695	0.113290981039319	0	0	0.0957566289944051	0.158565454930168	0.0142642076177027	0	0.145856764066152	0	0.0436834707468776	0.0146413625269429	0	0.153429110508677	0	0.438063045174561	0.906341732379512
Palisade_mesophyll_cell15	0.024588632963522	0.266468621449144	0.0330131188007155	0	0.132900079172447	0.00591956494477334	0.311924569298803	0.047196294069885	0.0296773410200237	0.0216038149298127	0.016284065190345	0.0700162770067952	0	0.0212267626475356	0	0.0027689682785796	0.0164118902276182	0	0.273240917226008	0.968344532968839
Spongy_mesophyll_cell15	0.0348625718129905	0	0.0706592337606511	0	0.460867038398611	0	0.0460942066899451	0.0603986667021793	0.155457425349957	0	0.0156786481910962	0.0810862975326769	0.000405864848795685	0.00925566959097087	0	0	0.0652343771221264	0	0.287806319099198	0.962160023798673
Upper_epidermal_cell15	0.0116054538450563	0.145238842305594	0.00194629318913684	0.338757489370448	0.0798828298767825	0	0.12628123051085	0.0315827834744179	0.0206866220487626	0.00946552965955329	0	0.120941800500131	0	0.0115522790954677	0.0021580272543482	0	0.0999008188694513	0	0.366631157926912	0.935682641378219
Vascular_cell15	0.299316977078758	0	0.000678709965215751	0	0	0.0338684384875348	0	0.592362526057131	0	0.057651168826537	0.00213777760955159	0.0126349956032568	0.000762224468676535	0	0.000531923958502937	5.5257944835582e-05	0	0	0.364265451625847	1.32831866830821
bulkRNAseq16	0.0107116776137432	0	0.0911525937516819	0.296770647482811	0.306746478684118	0	0.0987425960864632	0.0338120412049061	0	0.023242099293174	0.00342427761579341	0.076484797649484	0.00623611536279189	0.0202479699478614	0.000926522287906535	0	0.0315021830192657	0	0.527215933674319	0.902885101388403
Guard_cell16	0.0884060136511214	0.181144947365001	0.104197153888291	0.245145330776129	0	0.0435036082769255	0	0.0111508224877049	0	0.0305218261592855	0	0.121303246960431	0.0227985738862463	0	0.00351459093588984	0.0556964746809115	0.0926174109320634	0	0.322017449583842	0.948460256733666
Lower_epidermal_cell16	0.00939678624339909	0	0.0206892059850813	0.378405420574853	0.301845781438638	0	0	0.0247088438233068	0.0843823322387771	0.00247273079949923	0	0.0594512881913987	0.00500286414700206	0.0178405802753862	0.0096861294080271	0.0138836910719923	0.0722343458026392	0	0.628091025659385	0.857917520874722
Palisade_mesophyll_cell16	0.00718567466878689	0	0.130585293626541	0.173755229427772	0.344918395005782	0	0.219897885597951	0.0272745302768077	0	0	0.00839822305712578	0.0414821683208682	0.00155327011839758	0.0279198986613405	0.00277155823386525	0.00337846619704647	0.0108794068077144	0	0.296982559298629	0.963838121715665
Spongy_mesophyll_cell16	0.0319799499101515	0	0.221768873324026	0.107458162499222	0.461662861561915	0	0.0260630034885788	0.0573392705885933	0.014408023342295	0	0.0161295083997357	0.0143098124243708	0.0144684652832563	0.019036552688638	0.0034933863654797	0.0117019894991149	0.000180140624622999	0	0.393719821448715	0.938596318067172
Upper_epidermal_cell16	0.0140279959429877	0	0.0422844521845952	0.575244035919398	0.130204853150196	0	0.0407826632332455	0.0157646857682807	0	0.0120827372433662	0	0.0787324221327053	0	0.0167789823503539	0.00364923471614472	0.0187586685299899	0.0516892688287373	0	0.719542798097576	0.791296739138828
Vascular_cell16	0.0741133269113571	0	8.7945191506819e-05	4.16657815239521e-05	7.75522989158964e-05	9.0392823367913e-06	0	0.127223955596875	1.70885896720322e-05	0.755475681875918	1.64449735665305e-05	9.57623734703958e-06	0.0429168506483473	9.06751628936114e-06	3.28521000418497e-07	0	1.47657534375313e-06	0	0.619730666194346	0.795108005626203
bulkRNAseq17	0.0220662423956702	0.076021285359822	0.0340449278161899	0.084895456718395	0.180010198484468	0.0547404531127487	0.185049519195564	0.0519228652024636	0	0	0	0.153917306958293	0	0.0806669067973017	0.00148610361600026	0.000520965491014663	0.0746577688520685	0	0.310220763184713	0.957585470186062
Guard_cell17	0.0416404028910497	0.153235318332802	0	0.00593919624362547	0.215635081872982	0	0	0.0737433370880903	0	0.0518382050027754	0	0.033921902739412	0.130505812571006	0.0492587544385583	0.109964009482697	0.0647842589932005	0.0695337203438015	0.01	0.0708860537131292	1.09151128530533
Lower_epidermal_cell17	0.00652216731036226	0	0	0.622222963193841	0.0643484410627761	0.0214732060392823	0.0028617724406423	0.0620467834889255	0.0568724061744243	0.0011552472632691	0	0.0466309495896797	0	0.0399218218977409	0.00831394569292863	0	0.0676302958461275	0	0.471777968720986	0.88537973485924
Palisade_mesophyll_cell17	0.0328262414611104	0.15103210163841	0.0507522900808983	0	0.146083649043771	0.0414013108766415	0.365305308360134	0.0679634338917819	0	0	0.00733683707891497	0.0529552941150467	0	0.0504108165577633	0.00139358561570065	0.00506328131976944	0.0274758499600571	0	0.237831373180554	0.972293075147517
Spongy_mesophyll_cell17	0.0319498833602489	0	0.0649062797077627	0	0.268994333316833	0.107152887434046	0.0993263650817754	0.0849549479873392	0.0861318247518579	0	0	0.0961850458225466	0	0.0485724719879161	0.0139807591201978	0.0226029406895095	0.0752422607399668	0	0.28718184996894	0.95952572624102
Upper_epidermal_cell17	0.00994979947253639	0.275349527122293	0	0.261624872608057	0.0929647805790497	0.00767617739513505	0.0394930502696782	0.0266430419744477	0	0	0	0.133826253023568	0	0.0386502040029595	0	0.00208045306018894	0.111741840492087	0	0.389320797985895	0.933788302218073
Vascular_cell17	0.17577464332823	0	0	0.0143784135681759	0.0384586477676183	0.173630756483676	0.0722618123436337	0.138708696396634	0	0.0830748192225786	0.0720881410267034	0.0374244028215674	0.000252450762378798	0.077391682951217	0.00715780419461611	0.0684258396281523	0.040971889504819	0	0.432063890457859	0.90210409006738
bulkRNAseq18	0.0174340844338027	0.113397277163434	0.0348231094800406	0.138086735645825	0.34803922472758	0	0.105589593207567	0.0475528267167832	0	0.000842164172020425	0	0.0831820327884831	0	0.037947967238612	0	0	0.0731049844258525	0	0.357452630660893	0.948481694166177
Guard_cell18	0.0138821881731006	0	0.0358717569202792	0.0803123645699419	0.0580088040764094	0.182634029447857	0.0846984899270576	0.166371568489934	0	0	0.0931473059838378	0.11835237914947	0.0231151461594149	0.0311872501273047	0	0.0252735084215749	0.0871452085538179	0	0.126352549004298	1.02566041096327
Lower_epidermal_cell18	0.0168663846806732	0.065187632548201	0.0252017945076605	0.209019436703188	0.214973555836422	0	0.0124975055254435	0.0428082429927591	0.104712993892551	0.0181992385643249	0	0.117949593143994	0	0.0440890389823022	0.00517597354035004	0	0.123318609082131	0	0.509428004247928	0.900911224668383
Palisade_mesophyll_cell18	0.0110153154432578	0.144872972994141	0.034667923483008	0.0709056940438141	0.381892829381366	0	0.187802122450342	0.0348891122000793	0	0	0.00532140433024733	0.058634182737076	0	0.0453694846193252	0	0.00350485395949938	0.0211241043578436	0	0.286395712312551	0.967372267653744
Spongy_mesophyll_cell18	0.0522566157115116	0.0117761619941674	0.0910354276733871	0.00193324625062276	0.472829951372278	0	0.040702424234429	0.134997759239639	0.0149367662303214	0	0.0278102884346718	0.0613999364450535	0.000135298394656809	0.0565014873938238	0	0.00498336908496684	0.0287012675404705	0	0.429296415749006	0.909636762599814
Upper_epidermal_cell18	0.000475627785308821	0.168657199668383	0	0.380999912696733	0.214205195011483	0	0.0864870363272105	0.00183651029458568	0	0.00148862779424338	0	0.0763406682645273	0	0.0106213494601775	0.00130433583740236	0	0.0575835368599452	0	0.448602684401732	0.916765623343892
Vascular_cell18	0.0756987004649868	0	0	0	0.0759222430080863	0.0299026837896338	0.0158277380423619	0.15005004213837	0.137651564233561	0.242949252419446	0.0100387282948229	0	0	0.210783124929022	0.0218681420171424	0	0.0293077806625668	0	0.277333365357685	0.967871198745109
bulkRNAseq19	0.030344414394074	0.00520874142659169	0.0464127784950478	0.0925743191021507	0.377144524876481	0	0.115804608076039	0.0725083619709734	0	0	0	0.133941206886705	0	0.0760201709856999	0.000158403683828977	0	0.0498824701024086	0	0.344399869213794	0.946885617565281
Guard_cell19	0.00855862618966868	0.00943460533996063	0	0.13157344591817	0.426471090384357	0.0556726473150193	0	0.00497196886790692	0	0.0220817482137318	0	0	0.0214035639402404	0.090236350776337	0.0359124739650317	0.0653845633827475	0.128298915706829	0	0.254641697461326	0.968905612121189
Lower_epidermal_cell19	0.0329076971343848	0.00360690033753786	0.0419699721639543	0.113927567755596	0.271595565046535	0	0	0.0624702856267623	0.133738906611179	0	0	0.122659666506744	0	0.0788170330062389	0.0133573026229298	0.00546637566697084	0.119482727521167	0	0.397905614240114	0.930834641196702
Palisade_mesophyll_cell19	0.0315183805120416	0	0.07099073553333	0.0455542197912175	0.449047774865475	0	0.176216435529504	0.0714581893332252	0	0	0	0.0700310848229782	0	0.0709554330356216	0.000811539704546515	0	0.0134162068720605	0	0.295547495151108	0.959562905921679
Spongy_mesophyll_cell19	0.0499779180845607	0	0.102135366378856	0	0.456961938510802	0	0	0.122790924276032	0.0672000226348581	0	0	0.0956937936970709	0	0.0925973165431257	0	0.00224810341121218	0.010394616463483	0	0.431936573278188	0.911506275045728
Upper_epidermal_cell19	0.00685288138862976	0.150779593461639	0	0.300394657963041	0.226526986534945	0	0	0.0248918739458491	0	0	0	0.146025197052138	0.000208948209706172	0.0629077343852599	0	0	0.0814121270587928	0	0.422740369901259	0.923603418538174
Vascular_cell19	0.000157069613235971	0.000103905331033748	0	2.08817947739114e-05	1.06896974544751e-05	5.7318311869974e-05	0	0.289121750264198	0	0.710397448791253	0	3.83385227633681e-05	0	0	2.54720402808571e-05	5.87187201544093e-05	8.40691298200878e-06	0	0.510917350887882	0.879513513721137
bulkRNAseq20	0.0313166069345676	0	0.0581656879334433	0.0569394397249129	0.402735631127082	0	0.0273770789212643	0.103839121326244	0.00165791965924147	0.0133500549045402	0	0.180343093085581	0	0.0810534992654683	0.00327268186425137	0	0.0399491852534038	0	0.407267159979871	0.923458159787568
Guard_cell20	0.0275451965378778	0	0	0	0.14265959541863	0.0748476478981367	0	0.0996209685122764	0.306968148375847	0.0865915803971728	0.0109279492090553	0	0.08121961133787	0.0933119820881457	0.0763073202249884	0	0	0	0.177366310985359	1.00757070802705
Lower_epidermal_cell20	0.043153185543546	0.00296682284887633	0.0412058319639298	0.119001063125075	0.233657769865026	0	0	0.09207995468349	0.100231374000337	0	0	0.205381228804865	0.000759573961189445	0.0784462738399468	0	0	0.0831169213637177	0	0.454929820543508	0.906662275105479
Palisade_mesophyll_cell20	0.0334108280924786	0	0.0815856402860643	0.0534858190363556	0.456462192153581	0	0.140333239162177	0.0756861231220635	0	0	0	0.0955910527944636	0	0.0585433096476741	0	0	0.00490179570514192	0	0.305912943812633	0.956453241339528
Spongy_mesophyll_cell20	0.0384344590958586	0	0.0577724429777382	0	0.42641732843598	0.000556569390872796	0	0.166549852614589	0.0505663502702653	0.00624086729344362	0	0.162673194654161	0	0.0880301909501733	0.00041055200499082	0	0.00234819231192739	0	0.500661058745848	0.874284252154484
Upper_epidermal_cell20	0.00659202302150102	0.0729010772791407	0.0204693183762492	0.298905361326451	0.248160820841877	0	0.0360059882992518	0.0213255027623265	0	0	0	0.171199544857278	0	0.033049673558131	0.0260147064772103	0	0.0653759832005826	0	0.432986022662605	0.920276048542616
Vascular_cell20	0.0652067209358052	0	0	0	0.0671787743717423	0.0195216413088006	0	0.29286882205798	0	0.504439745983712	0	0.0374905088059627	0.00446781753370014	0.00882596900229644	0	0	0	0	0.669100916853257	0.743353802560882
bulkRNAseq21	0.032157208390615	0.0400460629916563	0.0815589192910343	0.0841633623396708	0.371563995329383	0	0.118189428768149	0.0745896587648983	0	0	0	0.105741398773179	0	0.0355372323432955	0	0	0.0564527330081181	0	0.341699221141844	0.947534547056052
Guard_cell21	0	0.108347920655666	0.0496050987610912	0.133227696267407	0.152239144879741	0.118856173160386	0	0	0	0	0	0	0	0.0110741895057863	0.332939977806105	0	0.0937097989638175	0	0.148866644461306	1.04874962590656
Lower_epidermal_cell21	0.0230560789869921	0.0537858798442615	0.019686275767838	0.145592602156254	0.269359876409254	0	0.00138964337856327	0.0916928976600491	0.0281972440400414	0.00243027039984671	0	0.219201493539008	0	0.0278015334501691	0.00501861157399896	0	0.112787592793723	0	0.474499266831021	0.899831317040412
Palisade_mesophyll_cell21	0.020604932997268	0.0719849302615233	0.088622982352599	0.0253986758542068	0.434960568543444	0	0.183525169854366	0.0469956539579629	0	0	0	0.0754419143472236	0	0.0524651718314066	0	0	0	0	0.26742376687529	0.968908988238598
Spongy_mesophyll_cell21	0.0811515657725742	0	0.107738582923107	0	0.432496823033968	0	0.0368776884869183	0.153264584720629	0.068460224908056	0	0	0.0699217941394139	0	0.0487005775030565	0	0	0.00138815851227711	0	0.508499728810625	0.872955119880825
Upper_epidermal_cell21	0.00255353947210011	0.190056635502219	0.000795177676759637	0.290024370141679	0.224542680521777	0	0.0654716764174689	0.0144605090402837	0	0	0	0.112764778617344	5.7374903980686e-05	0.0344951193804489	0	0	0.0647781383259393	0	0.392880558672565	0.935628540063388
Vascular_cell21	0.0914650848958877	2.72493700666782e-06	1.7362671303939e-06	0	5.932870271607e-06	1.32674507712402e-06	2.05068986198986e-06	0.267558809669026	3.0175685193787e-05	0.640905632019471	0	2.25934407484639e-06	1.31033579967562e-06	8.21552968884936e-06	1.03137224364857e-05	1.82374674208511e-06	2.60354233179568e-06	0	0.726105583161736	0.689235331674324
bulkRNAseq22	0.0359061221891315	0.143786128443473	0.0535389984201423	0.00834162416840496	0.184606248516135	0.0290582063848979	0.127005905407748	0.0912871722301082	0	0	0	0.187092202141549	0	0.0566413744342028	0	0	0.0827360176642069	0	0.31998290629473	0.95027081375938
Lower_epidermal_cell22	0.0312215948353825	0.000860940575930606	0.0310058452565729	0.15704500342612	0.126424545458051	0	0.011921113179702	0.11136523912081	0.0640272572371981	0	0	0.240684779564368	0.000748618728370944	0.0303557409726473	0	0	0.194339321644846	0	0.349369904533641	0.936991890882819
Palisade_mesophyll_cell22	0.0184787733941004	0.208096220441524	0.0593202262586908	0	0.210745324247431	0.0479745092715164	0.129794355329722	0.0784148735015862	0	0	0.0266205496716739	0.141087716291334	0	0.0594627722408989	0	0	0.0200046793515221	0	0.254331423491718	0.968111455123085
Spongy_mesophyll_cell22	0.0634760135171448	0	0.0742779038411643	0	0.272850099627884	0.061584548218138	0.157211210058135	0.127950750985861	0.0653757308517675	0	0.0112341588054484	0.0960608814727953	0.000331353386520938	0.0533724843893561	0.00177033653590176	0.00429489288292705	0.0102096354269559	0	0.343165582407864	0.939818301622679
Upper_epidermal_cell22	0.0268401372961227	0.228579488375833	0.0443237194105244	0.174979732703703	0.0458447794450471	0	0.0741888142139319	0.0462901575921642	0	0	0	0.238139692842347	0	0.0169036019309167	0.000578159311216727	0	0.103331716878193	0	0.371033629200134	0.937422526929415
Vascular_cell22	0.19272955011266	0	0.0612652118468269	0	0.0798408446832962	0.0323819960681042	0	0.353790064234659	0	0.181377498526416	0	0.0676210028125274	0.00619397356250456	0.00778692310843259	0.00244631955665652	0	0.0145666154879167	0	0.786210211042987	0.61892830689886
bulkRNAseq23	0.0229945190714689	0.0119878787468784	0.136881604045707	0.0811246666653884	0.354794106273994	0	0.084777580695275	0.0788551533949062	9.71295218374757e-05	0.0296543474715897	0	0.111197440278971	0	0.0484005978473313	0.00152943963681457	0	0.0377055363498392	0	0.345613177562189	0.945729145591869
Guard_cell23	0.0115148929316105	0.333719263538484	0	0.0182040517793811	0	0.192407441368284	0	0.0148851479097885	0	0.0498311025936084	0	0.0876501542493917	0	0.0335980626418805	0.0443871981791027	0.0299249714092928	0.183877713399176	0	0.255779376306109	0.969595252134849
Lower_epidermal_cell23	0.00141659309530355	0.0405211818011476	0.0187917622038272	0.286206211003868	0.138715149128272	0	0	0.0823615582163192	0.0489891164198672	0.000877696409225376	0	0.149817374245127	0	0.0511967725315803	0.0332257401540856	0	0.147880844791377	0	0.406334701297352	0.917221019967796
Palisade_mesophyll_cell23	0.0197145045689809	0.0501264076775624	0.111735255766212	0.024980528145502	0.442482751223074	0	0.143141282093824	0.0660513719612943	0	0	0	0.0698459461223298	0	0.0719219524412201	0	0	0	0	0.288108183764317	0.96219535223012
Spongy_mesophyll_cell23	0.0604930086201804	0.0207484757858543	0.180463055076367	0.0286438707960563	0.322897402031566	0	0	0.173573439914204	0.0638910249692359	0.025601619532787	0	0.0507100260309003	0.000441456730678441	0.0449086300057002	0	0	0.0276279905064695	0	0.466125887679157	0.886933393271447
Upper_epidermal_cell23	0.0140170206641685	0.0900952502228747	0.0584077298210719	0.330820300720119	0.263318851009292	0	0.016513722270067	0.0312408486523691	0	0.00750265356238795	0	0.118313247816509	0	0.0221140417228388	0.00833078416455525	0	0.0393255493737464	0	0.35795560267128	0.940654078649189
Vascular_cell23	0.091290895491349	0	0.0278412164666714	0	0	0	1.94258749964896e-05	0.272071149850336	0	0.608758328251959	0	1.14302397655836e-05	0	0	7.55382492201035e-06	0	0	0	0.73072303268564	0.684443116811602
bulkRNAseq24	0.0174537452048597	0.117626484098619	0.0946481953393872	0.0410520005054887	0.197015778608753	0	0.193195925793913	0.059710361440929	0	0.0383610080417646	0	0.128732461905983	0	0.065782344376292	0.000722297384642664	0	0.0456993972993684	0	0.357570760468581	0.948691677382649
Guard_cell24	0.0275365097528503	0	0	0.0823383581278831	0.309685483701198	0.132672004314134	0.0234764296054942	0.0329184105699021	0.00964640993345113	0.0692727074273167	0	0.127932081359623	0	0.0190393849527236	0.0397000091773167	0	0.125782211078107	0	0.126433888901031	0.99441562554379
Lower_epidermal_cell24	0.031620626990554	0.0504862774111458	0	0.258502097286713	0.101783097977724	0	0.0213313710679306	0.0710332057705363	0.122667797669045	0	0	0.206979387776	0	0.0254826787452226	0.010621705964713	0	0.0994917533404163	0	0.40121853913438	0.920794478588251
Palisade_mesophyll_cell24	0.0123547014911528	0.160513219875586	0.0659985255180394	0	0.273233489566342	0	0.227763985934433	0.0489502163706509	0	0.0292640909368682	0.0174777941794268	0.0784083896496388	0	0.0688982278667896	0	0	0.0171373586110718	0	0.290325127853155	0.965296975426381
Spongy_mesophyll_cell24	0.0576261932038894	0	0.146688920764877	0	0.22330987044058	0	0.186548731992872	0.110445756068881	0.0971681234500652	0.0206625154966587	0	0.106295100451867	0	0.0321311274393914	0.00431756362063985	0.00420613440308154	0.0105999626671967	0	0.377298445020696	0.931007312352746
Upper_epidermal_cell24	0.00593682258764959	0.188713992775994	0.0488783567390621	0.273434799303317	0.103232306398157	0	0.110495903704411	0.0223533552680123	0	0.00608902039966606	0	0.134175737542954	0	0.0065519038729901	0	0	0.100137801407787	0	0.369943460884796	0.938877678526235
Vascular_cell24	0.119092682872962	0	0	0	2.40405084313878e-06	5.32975085638194e-06	0	0.306023574150191	8.49804724935046e-05	0.574405188734855	0.000196483525723597	0.000122625142004729	6.78914827446985e-08	6.66634085875799e-05	0	0	0	0	0.803469661753566	0.598080495180434
bulkRNAseq25	0.0146725996812628	0	0.126516486052658	0.207884566569859	0.278973216283362	0	0.134251966111815	0.0412138323403293	0.0097930423207209	0.0344569156341665	0	0.102165589367464	0.0085349366156196	0.0187004596344386	0.000297486990181812	0.00441704240395284	0.0181218599941695	0	0.400455735144806	0.937151869532718
Guard_cell25	0	0.206161468239108	0	0.232702457842897	0.0584194787526802	0.0268601402543547	0.101143299755635	0.0786523239998975	0	0.0331858154895017	0.0544087581401503	0.0495475114670457	0	0.0194294219724413	0.0346319077656265	0.0110237345610523	0.0938336817596108	0	0.332261582394129	0.945610946110244
Lower_epidermal_cell25	0.0127658544641578	0	0.0451576883660447	0.410035856008038	0.211485340052043	0	0	0.0283723874087137	0.0712727889603103	0.00672880143552264	0	0.11414983035778	0	0.0116783787816114	0.00464447871019319	0	0.0837085954555853	0	0.574881294954478	0.864174199128486
Palisade_mesophyll_cell25	0.0123991643216004	0	0.121467722172853	0.128988422854974	0.317000031064741	0	0.273140527723539	0.0304067461819533	0	0	0	0.0559762424126746	0.00214842141462022	0.0296716213897414	0	0.0219301772503278	0.00687092321297558	0	0.265850935060361	0.969837162464422
Spongy_mesophyll_cell25	0.0308519317683074	0	0.184156980647869	0.034972781797125	0.422191285855418	0	0.0705677912202119	0.0808023735035042	0.0578044950272612	0.0152808505234073	0	0.0673758818207616	0.0151309988548839	0.0145016388506648	0	0.00305712060704267	0.00330586952354342	0	0.437432165374383	0.92302107379799
Upper_epidermal_cell25	0.0084149989728321	0.0134820537031314	0.00545544545872901	0.759683805410643	0.0291083706893873	0	0.0325021279198067	0.00430701963401057	0	0	0	0.07773232349078	0	0.00994413234819582	0.0164338280880239	0.00456172786350799	0.0383741664209518	0	0.611926250628731	0.813720310669632
Vascular_cell25	0.0524753653381843	0	0.0578336407033251	0	0.0135389552805952	0	0	0.193927226995308	0	0.62460070846385	0.00411170830410637	0.0130883026419926	0.0386107831675941	0	0.000462044937058342	0.0013512641679861	0	0	0.757016589408177	0.687046048675996
bulkRNAseq26	0.017275718389188	0	0.0589261307906412	0.0431446307090812	0.332326966159322	0	0.129588525238052	0.0752210815386741	0	0	0	0.246329318590587	0	0.0626989529468467	0.0008946278366455	0	0.0335940478009623	0	0.318532550013821	0.952678596589966
Guard_cell26	0	0	0.105420141262676	0.146155323542603	0.0542921355505678	0.0339204560777664	0	0.253008648875064	0	0.0920731690227289	0	0.0719529184764797	0.0137132285510378	0.0367123073517001	0	0	0.192751671289376	0	0.153032360465674	1.07439693759393
Lower_epidermal_cell26	0.0139336631279804	0	0.00733674102028514	0.048012615776513	0.285728694415633	0	0	0.0578590378640185	0.00461622927273964	0	0	0.396030614879118	0	0.0500811985786422	0.00635476407115011	0	0.13004644099392	0	0.410056871240473	0.925273998725512
Palisade_mesophyll_cell26	0.0172363919033343	0.00359670907650614	0.0304864507386738	0.0197520380835864	0.344291900797347	0.0256086939710808	0.272208376512889	0.0616760817464643	0	0.00657034913787489	0.0394316494424792	0.132306659396104	0	0.0468346991936606	0	0	0	0	0.249669277796711	0.970564947187968
Spongy_mesophyll_cell26	0.0402689152137155	0	0.105853335310761	0	0.40102390677331	0.00827068424039119	0.0412519432480212	0.132854556360056	0.0269820907855907	0	0	0.158923108639923	0	0.0679067717369461	0.000599422419130259	0.00175051590337248	0.0143147493687818	0	0.417011984660184	0.914568951134295
Upper_epidermal_cell26	0.00705688181941815	0.0940728037539278	0.0197538261646434	0.227500887436619	0.220785978551353	0	0.0914772490579186	0.0244419615997364	0	0	0	0.301317813512953	0	0.0123397435912848	0.00125285451214548	0	0	0	0.361748411438675	0.941558100705758
Vascular_cell26	0.0412167887676477	0	0.0255062672001836	0	0.0291709772210985	0.0169598962840252	0.00478776364966038	0.312838365643733	0	0.508397251122203	0	0.0427259638615702	0	0.0161661129266778	0.00223061332320039	0	0	0	0.652086657521724	0.761055843988359
