Mixture	cl6	cl4	cl5	cl0	cl1	cl2	cl3	cl9	cl10	cl7	cl11	cl8	cl15	cl14	cl12	cl13	cl16	P-value	Correlation	RMSE
P002	0.0138877019998886	0	0.106691615656964	0.245053634208603	0.2809459352775	0	0.108906414768963	0.0632738856940459	0.0281380263938067	0.0186101371381028	0.03213124001081	0.0280009235207872	0.0378216207382007	0.00267034628504619	0.00478596105879617	0.0290825572484864	0	9999	0.50699354639452	0.910455412030727
P004	0.016051475606623	0.0271057841005685	0.083788853790131	0.217672482589771	0.338120029424492	0	0.0607581035336581	0.0751005323905833	0	0.0364042286752417	0.0305577639248504	0.0313677671103535	0.0379403592298432	0.00289496458503751	0.00742062119509204	0.034817033843755	0	9999	0.530670624022401	0.902409971166303
P007	0.0140368136747909	0.210163021882163	0.101985339859402	0.240980660395686	0.255956236239771	0	0.00948401922071114	0.0379545780762546	0	0.0247781950144553	0.024363408706677	0	0.0309534298620706	0.00360112430194767	0.00484018306428342	0.0409029897017875	0	9999	0.461820500333804	0.930395778562535
P017	0.0173773531082999	0.0247882639605775	0.0669923619744572	0.216127357657917	0.339023853358887	0	0.0854897630579873	0.0670066485007062	0	0.0255774530702932	0.0295667854866761	0.0357375860316815	0.0405544713028968	0.00417938190267462	0.00925648520949634	0.0383222353774493	0	9999	0.523528338023373	0.906156091214069
P035	0.017757182617151	0.149430023629361	0.0860826462631371	0.258905912184755	0.302632138175736	0	0.0242608023157834	0.0483802317232469	0	0.0280829721444062	0.00752107877264463	0	0.0332463541964025	0.0035458457393896	0.00428456637064724	0.0358702458673397	0	9999	0.501199099537576	0.917786476396933
P051	0.0136111041862285	0.0588029772491664	0.0765985663177047	0.221315568747576	0.337753607177821	0	0.068797909800965	0.0562991130891903	0	0.0273195133922984	0.0364851095358694	0.024699658098247	0.0333704764795733	0.0032197751173707	0.0110040975294033	0.0307225232785864	0	9999	0.452418319837482	0.927584031364895
P053	0.0186105393001254	0.0696757378546243	0.0656186153195293	0.199297343303126	0.283789706446285	0	0.0621818779453561	0.0692847475875783	0	0.0266912078948525	0.0364289275405597	0.041557788063017	0.0540676309234054	0.0135209981775233	0.00759747789529525	0.0516774017487233	0	9999	0.475534505985204	0.912786140555191
P064	0.0158327643298675	0.109469690263473	0.075713107736797	0.20471865428125	0.315891010365038	0	0.0653972514146069	0.066753406995991	0	0.0403950555926823	0.0166229868110499	0.0133680887042648	0.0332474872465212	0.00328589322160609	0.0045661499711501	0.0347384530657032	0	9999	0.517340310432673	0.911916956700759
P077	0.016456009682382	0.030644114524942	0.0890522950854701	0.210857834329069	0.365377790720566	0	0.0454245629743908	0.0700678698561893	0	0.0281848903717493	0.0261912630934699	0.0308741673118578	0.0387399664294009	0.00476601461924571	0.00733558712728203	0.0360276338739849	0	9999	0.49071206656399	0.913866075036016
P080	0.0103151638638917	0.152019651486819	0.109907442867676	0.244608195290365	0.236392229931944	0	0.044554080729948	0.0440498779633015	0	0.0349265104236299	0.0251043901715332	0.0128030411930558	0.0399556125584405	0.00299124633876784	0.00492579995697688	0.037446757223651	0	9999	0.463561646186197	0.925451498624959
P092	0.0178427798744381	0.163187398468395	0.094551665596162	0.258736612118696	0.265835679365108	0	0.0168282246667647	0.0630627118490927	0.00470838954185185	0.0444346358273416	0.00814798197510799	0	0.0189011228976467	0.0051010975203862	0.0054275770953559	0.0332341232036528	0	9999	0.416017134267156	0.934550702933731
P094	0.0114526497218001	0.120518883652495	0.067134607026908	0.223069515398335	0.286801529723181	0	0.0457293328205398	0.0484737418263685	0	0.0157373788692853	0.045884547370281	0.0287722026844064	0.0427667967871256	0.00596050149962036	0.0104745728875296	0.0472237397321239	0	9999	0.452372061558837	0.926557832326296
P097	0.0185423675460825	0.0771527611725882	0.0778410098565332	0.212863765226094	0.309522765117941	0	0.0320038134806835	0.0767300855793533	0	0.0306515509528318	0.0463363580102532	0.0310432929233746	0.035776374085271	0.00631173995004509	0.00978731639356158	0.0354367997053872	0	9999	0.5534932915311	0.896828507713342
P110	0.0170349022995289	0.187620378684194	0.0913663114670893	0.246804587970479	0.284367759040001	0	0.0156767692825541	0.0538675235273663	0	0.0279094618091628	0.00849184137525736	0	0.0290597102252145	0.00237865638228122	0.00549035183957343	0.0299317460972987	0	9999	0.490202011964716	0.920561256655644
P112	0.0208786299249767	0.127621615654172	0.0895480589952887	0.18907682469876	0.267710170590881	0	0.0405408557097018	0.0679587502477348	0	0.0273925711462997	0.0349588775707119	0.035582918793063	0.0408936574991066	0.00733816151815307	0.00962868518759612	0.0408702224635543	0	9999	0.496317526484075	0.913133859938487
P122	0.0177740400781988	0.0963098750349403	0.10849934333824	0.182684252322955	0.283469967809616	0	0.0769178994271829	0.0729956728147023	0	0.0462799205184916	0.0212421639890508	0.0211199491507029	0.0336087650409822	0.00332174761377558	0.00582802526922725	0.0299483775919348	0	9999	0.471737605642292	0.920327214630817
P130	0.0171692737367915	0.156454899486372	0.096683262387724	0.186522206290883	0.23278707613268	0	0.0390698706007655	0.0641745187495688	0	0.040113680737622	0.0370096710493319	0.0264794381007608	0.0443169867307851	0.00743616916557405	0.00622398690657296	0.045558959924568	0	9999	0.478876439899816	0.917812604324987
P152	0.0170330442076755	0.0958447576805451	0.0841147264208921	0.212819944228794	0.305815041417488	0	0.0661756641986717	0.0640444101371606	0	0.0376944753870064	0.0191319359400552	0.0159580329687945	0.035338368730011	0.00278129983252886	0.00516875372271272	0.0380795451276645	0	9999	0.480057659596472	0.919734261796146
P155	0.0157102987698437	0.0960393249301918	0.101650631097675	0.199685243587868	0.274411184666819	0	0.0992630531296598	0.0581251933773685	0	0.0239478754261551	0.0163589544853447	0.0147332451029973	0.04462679799331	0.0111606573213194	0.00658149767578904	0.0377060424356591	0	9999	0.493260261028298	0.916003043472465
P196	0.0169309197036666	0.00966240815896413	0.102138006093441	0.212065891549878	0.419509306531424	0	0.0699553807945157	0.0658041942872587	0	0.0283422156598463	0.00210086215496429	0	0.0420760714204789	0.00470502411334055	0.0056743635880633	0.0210353559441576	0	9999	0.497646949930157	0.913310736075192
P200	0.0142037231560941	0.072323626790608	0.117345545775172	0.204684961688733	0.295732869371834	0	0.0639917104414422	0.059056107686864	0	0.031065123368376	0.0314757756759699	0.0213225632297751	0.0430738258216305	0.00386225128373669	0.00448069491486633	0.0373812207948976	0	9999	0.465692868724592	0.922305369273806
P213	0.0166293432800252	0.146424917145703	0.114110003915635	0.203762191455609	0.236663868864605	0	0.0504051367171319	0.0650190933582038	0	0.0460374540550564	0.0251655805152409	0.0181208980302521	0.04012539660471	0.00323688005160573	0.00416199770376763	0.0301372383024558	0	9999	0.487707889353223	0.916459134776602
P214	0.015617378782676	0.0603880181139525	0.104316640756402	0.223240580585717	0.316547651741079	0	0.0545933115312165	0.0649567337059069	0	0.0382373959066332	0.0333683780315239	0.0205718750785775	0.0286828328632216	0.00356731098519712	0.00664199774676729	0.0292698941711296	0	9999	0.470953025655398	0.922207658878572
P217	0.0149520226672315	0.213908136928727	0.0998783073868053	0.272993387801094	0.228246813055953	0	0	0.0400679429388525	0	0.0393702749693836	0.00881615138228329	0	0.0329582215855694	0.00361666526758307	0.00233128113133219	0.042860794885185	0	9999	0.468760321571724	0.925548629694902
P008	0.0125915806560038	0.172942424828996	0.0829526681587015	0.257307822812699	0.260674878935744	0	0.0401540777642987	0.051575681942798	0	0.0159460542430725	0.0080429047385909	0	0.0328730894148389	0.00296521395202474	0.00747307915885201	0.0545005233933798	0	9999	0.503212645915426	0.916553093156187
P009	0.0152865826865722	0.242760273727983	0.0903070253023243	0.241335479234404	0.200498950292042	0	0.0384691773663505	0.0419054487850174	0	0.0137210539213637	0.006881602541481	0	0.0407069691348015	0.00827552620882825	0.00530067618674886	0.0545512346120836	0	9999	0.459705766974376	0.926836156895769
P010	0.0132126094608377	0.130954721634063	0.075779904157457	0.203937465110625	0.254449272719897	0	0.088618672671199	0.0530279624749415	0	0.0296950639667654	0.0292030752295332	0.0174707608166377	0.0416614035694922	0.00219932283191533	0.0109381922319466	0.0488515731246897	0	9999	0.466157750555254	0.924057869016761
P016	0.016396321911871	0.171041151902739	0.0741282928408173	0.19230719489266	0.236927397296137	0	0.0948318354566008	0.0423788878942979	0	0.030890194080018	0.0114953181493573	0.00966565860810305	0.0373897218426469	0.0086116805597264	0.0100095822751335	0.0639267622898926	0	9999	0.391263917742239	0.943354374467953
P020	0.0127783305169979	0.174864612552805	0.0850548881850013	0.237562881217918	0.23747769999718	0	0.0812764703708189	0.0464602837634374	0	0.0327959627592455	0.00727788118931697	0	0.0317226717400835	0.00441292334825366	0.00575384219248046	0.0425615521664619	0	9999	0.489669959102886	0.922976591709985
P023	0.0156097710810696	0.1270091245833	0.0929315425185126	0.225957042525383	0.318733248965889	0	0.029013567312751	0.0595616790524912	0	0.0426812562655157	0.00802742323332854	0	0.0337090340983658	0.00432826585916704	0.00787695774167136	0.0345610867625557	0	9999	0.550390677404212	0.90508709912246
P024	0.0125626164093479	0.231386421646284	0.10561196495585	0.245416254340015	0.21056822799694	0	0.0470390825326536	0.0462007605018029	0	0.0267524358622313	0.00198670282265237	0	0.0271685016556192	0.00291595048753178	0.00380110629154638	0.0385899744975254	0	9999	0.501646272152024	0.921358877479873
P037	0.0168187024893595	0.176984794901946	0.104146445106699	0.190780621337303	0.230880284694761	0	0.03155334265294	0.0550358003681356	0	0.0532988685648146	0.0282108234641465	0.0239168718259172	0.037386964931263	0.00616262841567023	0.0043661959228254	0.0404576553242188	0	9999	0.430462281511109	0.93275857368571
P038	0.0159892755890746	0.184631664624843	0.0727929246314557	0.229576312709246	0.284346873238754	0	0.0514853394132546	0.0575892548236438	0	0.0166187942144385	0.0019358189547718	0	0.0315477961518532	0.0046236092447119	0.00402168949541204	0.0448406469085404	0	9999	0.520820420370817	0.913837045566968
P039	0.0138084820989768	0.227660545390546	0.100908316570056	0.250290968058278	0.219961731703207	0	0.0109837961329394	0.0412082791098335	0	0.0284233423311497	0.0110863245521607	0	0.0301205361078487	0.00484163606113343	0.00651441667275953	0.0541916252111122	0	9999	0.470440491802325	0.927012894613343
P049	0.0142523361906375	0.221219916916436	0.0963365806694425	0.217989977139646	0.245623498574456	0	0.0310071642374544	0.0453529981765476	0	0.0191228581708636	0.023543479686123	0	0.0328442014143511	0.00359755887851476	0.00649617568373683	0.0426132542617911	0	9999	0.448038195136795	0.932355767825537
P050	0.0160105315031984	0.156975578629385	0.0794658000478569	0.245828352408037	0.320936599355708	0	0.0210705598415054	0.0537490925959443	0	0.0277523855305215	0.0043064129488444	0	0.02876945527562	0.00393855709880303	0.00729332751598225	0.0339033472485938	0	9999	0.513759240852317	0.91561892810699
P052	0.0112545350982983	0.147337224764027	0.087358903923898	0.259383336274167	0.290382279921514	0	0.0588926471422509	0.0314866819227412	0	0.00435062969732225	0.000113350788148233	0	0.0421188428809255	0.00566868958217558	0.00973250369861268	0.05192037430592	0	9999	0.451764672620496	0.928653995109482
P054	0.0107202634147192	0.140541567958511	0.0917939587177606	0.262854488876492	0.297955751751805	0	0.0366667995796513	0.0420431418117035	0	0.00490108940168572	0.0072495347309238	0	0.0461620535635921	0.00497408865509509	0.00878489133869792	0.0453523701993626	0	9999	0.498644240954314	0.914868011213489
P059	0.0122075906942502	0.0756310870463807	0.0875109217410785	0.259193574662866	0.336740427396558	0	0.0565696403841282	0.0566840859849761	0	0.012225214509084	0.0055142898043625	0	0.044913734477076	0.0046763609019105	0.0112567965344889	0.0368762758628412	0	9999	0.48568369862613	0.91472100495591
P068	0.013934199351017	0.217033705624841	0.083631759954404	0.267572969468951	0.232013381696696	0	0.00502673317781836	0.0469026662299685	0	0.0259213114841709	0.0112116284757677	0	0.0359734681948792	0.00530448630244001	0.00765931610414187	0.0478143739349043	0	9999	0.517332318746913	0.912657364452851
P079	0.0143170349660316	0.222573551651735	0.101361285300474	0.220476331551719	0.251882849894902	0	0.0165168615342262	0.0497186874986607	0	0.0289496996575583	0.0215173048518305	0	0.0302286869910787	0.00428713562237354	0.00343353374000294	0.034737036739408	0	9999	0.480633877498028	0.925437742449551
P085	0.0121764984530473	0.138759353067371	0.0764936154470819	0.240633660637904	0.286992224883039	0	0.0692451996214174	0.0453276446762791	0	0.00884702775250875	0.00837721309897546	0	0.0457081718699633	0.00576215526096779	0.00835666393487768	0.0533205712965679	0	9999	0.476146072795657	0.920909028836208
P095	0.0151928721990497	0.121372478029129	0.110425730821052	0.217270400825906	0.30503325278539	0	0.0763202177552252	0.049045685877261	0	0	0.0106590108965915	0	0.0453776164791072	0.0061274644247912	0.00940339180364881	0.0337718781028487	0	9999	0.503145303720571	0.915403809046092
P098	0.01317181755907	0.180000863607623	0.0555379971376191	0.272658373005596	0.256320115573882	0	0.0603531021184288	0.0424439876923156	0	0.0177160627432296	0.00452613009466422	0	0.0413555997085355	0.00120972016760859	0.00468523192593968	0.0500209986654875	0	9999	0.427925279737522	0.932022105207286
P100	0.0162180381884362	0.136483497956188	0.121680018424745	0.231425970397994	0.263119314091629	0	0.0521449626176063	0.0508252610098804	0	0.0126476757225906	0.0121996143160538	0	0.0457090711099069	0.0112695341560132	0.00819593018385141	0.0380811118251046	0	9999	0.477255773849158	0.919260192273931
P109	0.0162967856342152	0.188465784420971	0.1040209132257	0.214821699574602	0.267345056193802	0	0.0311234535620147	0.0489191123872107	0	0.0153303531243313	0.0179985659430733	0	0.0296192932895934	0.00311757331208611	0.00874653259299192	0.0541948767394089	0	9999	0.48733516038551	0.924143958250258
P111	0.0144506009639297	0.229588289337907	0.0839951395565044	0.252689787875252	0.231770699509064	0	0.0305035440277921	0.0421905010663208	0	0.0241830266543993	0.00920209342831844	0	0.0305629285803027	0.00349670268214184	0.0046610188190235	0.042705667499044	0	9999	0.485977731952439	0.924070183650694
P114	0.0124727970486387	0.135991974690261	0.0733942357124875	0.262485823598311	0.299899558530788	0	0.0611612023157712	0.0503346519678528	0	0.00564838325807696	0	0	0.0428582078955254	0.00344018164685593	0.00827695213108774	0.0440360312043442	0	9999	0.501207373535496	0.913827315767007
P127	0.014924835225512	0.214095278796363	0.0627538292643596	0.292749018189416	0.247913467388562	0	0.00802224967962859	0.0310411380160983	0	0.00524731358233643	0.0138425573063561	0	0.0328804295421225	0.0054630287535931	0.0114562050711875	0.0596106491844654	0	9999	0.473811487699608	0.924214857465473
P138	0.0153514106563192	0.0165646715452024	0.078208690072999	0.211342005715067	0.312445634729861	0	0.111926689909542	0.0597468528220532	0	0.0273744909109439	0.0268409531873279	0.0266339938076017	0.0498705962992836	0.0102625374697179	0.00731413378868383	0.0461173390853971	0	9999	0.4702175200944	0.918088888827468
P140	0.016099378010734	0.113343919771182	0.0870655143343751	0.224346902992617	0.321298813390012	0	0.0693397792934756	0.058243015806997	0	0.00954006444321258	0.000330979664532876	0	0.0432775776992139	0.00901396616862334	0.00811722026294838	0.0399828681620762	0	9999	0.488432385081366	0.916514082099733
P142	0.0156585089585285	0.132925406441577	0.080029535499714	0.249676261243642	0.295726559962304	0	0.0579833742731363	0.0472297257919783	0	0.0152605622753622	0.00561160113843179	0	0.0389866553273466	0.00478969712930828	0.00752524629568315	0.048596865662987	0	9999	0.498270908598482	0.9173586944803
P143	0.0140391193305681	0.222669538663885	0.0861079022647525	0.271916468520786	0.215755035719941	0	0.0169454918694447	0.0439574071358632	0	0.0227882861599604	0.0153057809180798	0	0.0306217092790531	0.00422767405134703	0.00637715916396627	0.0492884269223536	0	9999	0.470952654350341	0.924918077486896
P144	0.0147255283449703	0.219312857505271	0.120041204277109	0.236715605361773	0.239003430244838	0	0.0108999072847583	0.0498642108381702	0	0.0237582750689455	0.0155797845397004	0	0.0300422671753384	0.00850539549728002	0.00393997181500537	0.0276115620468398	0	9999	0.478738220156503	0.924420994321024
P154	0.0161186199828697	0.217053704439665	0.0889567005451627	0.231430276168822	0.265230291748313	0	0.017657889724468	0.0473442246700969	0	0.0230737392959929	0.0190215526578422	0	0.0280209593604983	0.00320105268659557	0.00774130044747006	0.0351496882722032	0	9999	0.494995838788026	0.922778934108577
P158	0.0147527102094725	0.10262137845736	0.0821716720091676	0.269397078793958	0.321730983246307	0	0.0565809500026044	0.0532605149343679	0	0.0162128557336728	0.00124606976101144	0	0.038276863381938	0.0020324571074572	0.00775956340410068	0.0339569029585824	0	9999	0.520785693407536	0.909605281227416
P159	0.0156021989880159	0.23135478823374	0.094995403378138	0.225619605467654	0.256035376302555	0	0.000415868167250764	0.0546766321902957	0	0.039975873847426	0.0171884762684033	0	0.0201636261955304	0.00430048352289034	0.00505504025360458	0.0346166271844966	0	9999	0.484556827866182	0.924733466240693
P169	0.0167894484585721	0.110825597653008	0.0903677476116053	0.176327113990296	0.210605392851294	0	0.0549509098029583	0.0337282047142827	0.196083290674855	0.0347540622495629	0.0174821634593698	0	0.0242954294203139	0.000516863523269816	0.00534267285778842	0.0279311027328229	0	9999	0.475859936280184	0.925398670150357
P170	0.0152027104141162	0.154771322186741	0.108838430120204	0.246500705952352	0.293006746810406	0	0.016532522980047	0.0560056729926768	0	0.0582725953342873	0.00231271940381808	0	0.0215412486194693	0.00141630427982165	0.00416813341269003	0.0214308874933699	0	9999	0.40117390435263	0.93960905093561
P174	0.0153790733721592	0.223228889184286	0.0837397117662139	0.223532362961896	0.213677980114499	0	0.0582425676317443	0.0466229207804287	0	0.0337596365319975	0.0121928617394052	0	0.0300465760986391	0.00501673738627635	0.00485153007850576	0.0497091523539497	0	9999	0.477484171873051	0.926640765659099
P181	0.0140026210879693	0.0112687012948562	0.0967026651015782	0.225859478721146	0.33796580000463	0	0.147722486314636	0.0429346721846573	0	0.0224024469467715	0.0185159249177221	0.00959611254840062	0.0353605953246616	0.00355528094343095	0.00681244679362954	0.0273007678159111	0	9999	0.444190356967445	0.932504270387607
P183	0.0158159518832672	0.169697460268556	0.091461884658084	0.186022279883168	0.226769066963337	0	0.0653307804336093	0.0550904571106088	0	0.0295389808995374	0.0308941414732404	0.0199225861822291	0.0387139326429678	0.0062076691528983	0.00787935756409974	0.0566554508843972	0	9999	0.459185080710202	0.926766026427205
P188	0.0140000154269203	0.123468819151529	0.0824174137655861	0.234526594321826	0.296880372600581	0	0.0695715316549219	0.0460621116431589	0	0.015664067615314	0.00270947291607386	0	0.0485766595189864	0.00628313178584436	0.00885385687814946	0.0509859527211097	0	9999	0.510723577044859	0.911949498638305
P199	0.0133645960369823	0.00449826953462311	0.0828173576201611	0.18760035978073	0.356830196590432	0	0.0994432239993424	0.0715919147472516	0	0.03619488236528	0.0218198693116924	0.0311302778398564	0.0383657715202124	0.00587550321089458	0.00654601409108961	0.0439217633514525	0	9999	0.478972926523827	0.917666508870675
P202	0.0140191918413594	0.242837195299157	0.0986013654859082	0.237875290031172	0.217836644144583	0	0.0559717865160182	0.0397286199216274	0	0	0.00293190712272152	0	0.0364146210039175	0.00297001050462366	0.00304072028547082	0.0477726478434408	0	9999	0.478309043234289	0.925839502514135
P203	0.0139545715815316	0.176482105230056	0.116349769123814	0.207061567954695	0.190747818752963	0	0.0601323608311356	0.0490844611261697	0	0.0643270353414632	0.0217572534251394	0.00826953144447398	0.042811323986827	0.00343746615911348	0.00595280213496154	0.0396319329076569	0	9999	0.33388710980634	0.952335919637622
P204	0.0125498977350468	0.22909607921101	0.0837112604822888	0.261053241178561	0.242563508853269	0	0.0179019772181378	0.0358186074148967	0	0.00927197819657081	0.0126043342861378	0	0.0328044765809017	0.0054080817660097	0.00881276211186375	0.0484037949653065	0	9999	0.460009085740622	0.929062512353517
P205	0.0129661700708001	0.182471876378105	0.0826292113574168	0.189856748012637	0.212349465244507	0	0.0773993242885402	0.0487344518918717	0	0.0400951645161837	0.029056431485797	0.0140649602908168	0.045584516317571	0.00361021449141564	0.00807350868054493	0.0531079569737925	0	9999	0.42824136579731	0.932740752691044
P219	0.0151430983342387	0.239734101791241	0.087959364415567	0.240958941428713	0.230922270441238	0	0.0143400857394857	0.0423133077626775	0	0.0194074970178694	0.00561229479984248	0	0.0403555928130376	0.00594421655784477	0.00682431143774989	0.0504849174604948	0	9999	0.47731409957643	0.922971919043694
